Entries: 901
0.12500 0.12500 0.12500 0.12500 0.12500 0.12500 0.12500 0.12500 1.00000 42.51800
0.90000 0.01429 0.01429 0.01429 0.01429 0.01429 0.01429 0.01429 1.00000 491.93800
0.01429 0.90000 0.01429 0.01429 0.01429 0.01429 0.01429 0.01429 1.00000 66.31000
0.01429 0.01429 0.90000 0.01429 0.01429 0.01429 0.01429 0.01429 1.00000 18.84500
0.01429 0.01429 0.01429 0.90000 0.01429 0.01429 0.01429 0.01429 1.00000 11.38400
0.01429 0.01429 0.01429 0.01429 0.90000 0.01429 0.01429 0.01429 1.00000 19.11700
0.01429 0.01429 0.01429 0.01429 0.01429 0.90000 0.01429 0.01429 1.00000 65.21000
0.01429 0.01429 0.01429 0.01429 0.01429 0.01429 0.90000 0.01429 1.00000 465.89200
0.01429 0.01429 0.01429 0.01429 0.01429 0.01429 0.01429 0.90000 1.00000 687.06700
0.10225 0.01241 0.03232 0.17815 0.33136 0.02518 0.30230 0.01603 1.00000 96.58600
0.02616 0.06843 0.25537 0.02287 0.00585 0.10236 0.33193 0.18703 1.00000 360.29200
0.14444 0.15814 0.34001 0.16843 0.01707 0.03142 0.12273 0.01776 1.00000 81.05300
0.04490 0.26647 0.01071 0.05982 0.48070 0.02115 0.08638 0.02987 1.00000 20.54200
0.00437 0.33000 0.00757 0.28651 0.08210 0.18580 0.10097 0.00270 1.00000 22.40700
0.32307 0.02431 0.07456 0.00537 0.29260 0.02508 0.23831 0.01671 1.00000 212.74500
0.00690 0.20012 0.46998 0.08355 0.07026 0.08245 0.05182 0.03492 1.00000 14.38100
0.01528 0.02449 0.01523 0.14768 0.27040 0.31245 0.01218 0.20230 1.00000 58.54500
0.12503 0.05505 0.01878 0.03545 0.28559 0.13715 0.04086 0.30209 1.00000 272.25200
0.47799 0.30339 0.01754 0.02327 0.03499 0.08113 0.01900 0.04271 1.00000 377.13400
0.18388 0.61987 0.00731 0.01663 0.05386 0.09854 0.01405 0.00586 1.00000 121.45400
0.04762 0.19433 0.01982 0.41186 0.07544 0.00545 0.02367 0.22181 1.00000 27.76900
0.01808 0.03675 0.06062 0.10319 0.27523 0.00948 0.39958 0.09706 1.00000 48.03300
0.01661 0.03669 0.37017 0.22779 0.04302 0.01273 0.01249 0.28050 1.00000 28.35400
0.00874 0.03005 0.03154 0.10383 0.00869 0.27309 0.10892 0.43514 1.00000 203.60900
0.00928 0.03299 0.01051 0.01139 0.09563 0.46629 0.31223 0.06168 1.00000 166.21400
0.02146 0.01495 0.34616 0.02286 0.00686 0.11824 0.07676 0.39270 1.00000 153.01600
0.05827 0.02213 0.01398 0.02646 0.82399 0.02639 0.01626 0.01253 1.00000 33.46600
0.00402 0.05487 0.01126 0.01470 0.09399 0.09930 0.27800 0.44385 1.00000 197.94400
0.25414 0.00246 0.08563 0.03697 0.00564 0.32900 0.03810 0.24805 1.00000 629.38700
0.09749 0.03754 0.11380 0.04953 0.42420 0.00352 0.24055 0.03337 1.00000 32.08900
0.00534 0.02067 0.34851 0.02189 0.12222 0.43082 0.00405 0.04650 1.00000 10.12000
0.00973 0.03577 0.07525 0.02175 0.40190 0.31676 0.13128 0.00754 1.00000 18.43800
0.34311 0.02899 0.41254 0.12879 0.01204 0.00979 0.01403 0.05071 1.00000 120.52500
0.01169 0.00899 0.00878 0.11610 0.19183 0.21126 0.19206 0.25927 1.00000 178.32200
0.20579 0.04710 0.00709 0.16042 0.00906 0.00693 0.06680 0.49681 1.00000 618.80900
0.12899 0.01412 0.00611 0.46847 0.10849 0.03229 0.12590 0.11564 1.00000 39.89400
0.02610 0.49306 0.01623 0.01373 0.00905 0.05734 0.00835 0.37613 1.00000 872.02500
0.02141 0.30459 0.34317 0.00488 0.00794 0.01452 0.12786 0.17561 1.00000 1212.43900
0.01626 0.15883 0.30506 0.22782 0.18507 0.01950 0.05010 0.03735 1.00000 9.29400
0.04448 0.09016 0.07177 0.15324 0.33948 0.03603 0.02957 0.23527 1.00000 22.24800
0.09457 0.04875 0.55613 0.00628 0.01045 0.02230 0.00588 0.25563 1.00000 85.32500
0.24653 0.05435 0.22285 0.07966 0.02164 0.04978 0.30506 0.02012 1.00000 173.27900
0.01681 0.00495 0.01854 0.00505 0.13551 0.38213 0.06623 0.37079 1.00000 120.18200
0.07427 0.00521 0.18296 0.15859 0.17529 0.03177 0.28641 0.08550 1.00000 25.08300
0.37989 0.33010 0.06286 0.00390 0.01047 0.13477 0.02604 0.05198 1.00000 1210.86500
0.13243 0.19412 0.00588 0.04126 0.08019 0.10248 0.01808 0.42557 1.00000 563.44400
0.25926 0.11677 0.01007 0.03958 0.38381 0.02147 0.00504 0.16401 1.00000 60.15200
0.01946 0.50049 0.03825 0.05884 0.06380 0.05565 0.24955 0.01395 1.00000 89.90000
0.00370 0.15504 0.02808 0.31124 0.09783 0.32776 0.00736 0.06899 1.00000 20.57400
0.01870 0.21057 0.09515 0.01343 0.44006 0.00999 0.02033 0.19177 1.00000 17.61100
0.21834 0.23938 0.18027 0.01168 0.00468 0.26528 0.00754 0.07283 1.00000 197.94800
0.03697 0.01043 0.10972 0.01683 0.07982 0.46878 0.05107 0.22637 1.00000 42.06600
0.12148 0.05459 0.28914 0.00533 0.43097 0.06524 0.00291 0.03033 1.00000 13.04700
0.13157 0.01625 0.11207 0.02326 0.03407 0.04287 0.62138 0.01853 1.00000 453.85100
0.27953 0.01422 0.35850 0.01564 0.01050 0.30952 0.00788 0.00423 1.00000 40.48100
0.00662 0.00727 0.03327 0.15879 0.30026 0.01652 0.36382 0.11344 1.00000 62.59400
0.04020 0.05272 0.01510 0.01886 0.56370 0.24797 0.02646 0.03499 1.00000 38.73300
0.12151 0.11614 0.10179 0.00888 0.10427 0.05388 0.45380 0.03972 1.00000 299.98300
0.03891 0.02489 0.03881 0.19326 0.48756 0.08815 0.02443 0.10399 1.00000 21.34800
0.02270 0.06992 0.00315 0.22316 0.04419 0.20453 0.14000 0.29236 1.00000 230.72800
0.00677 0.39442 0.03339 0.16655 0.03212 0.05512 0.04315 0.26849 1.00000 98.44400
0.03778 0.03293 0.00826 0.01797 0.01566 0.11590 0.75956 0.01193 1.00000 2400.12600
0.02889 0.05286 0.14090 0.16352 0.42167 0.03435 0.03924 0.11857 1.00000 12.16900
0.02351 0.52463 0.06502 0.01502 0.04875 0.03867 0.21391 0.07049 1.00000 404.88900
0.38670 0.10344 0.00358 0.31843 0.00735 0.06647 0.00453 0.10950 1.00000 103.53700
0.03865 0.08123 0.10618 0.16099 0.03415 0.28322 0.03404 0.26154 1.00000 44.27100
0.00546 0.09754 0.04966 0.06522 0.19142 0.26389 0.00424 0.32257 1.00000 43.00500
0.24903 0.06888 0.00730 0.13674 0.31566 0.08199 0.04626 0.09416 1.00000 56.02200
0.00519 0.00496 0.38035 0.49441 0.02122 0.00796 0.06664 0.01927 1.00000 9.82800
0.14628 0.43043 0.12542 0.03951 0.07808 0.01224 0.04768 0.12036 1.00000 52.68200
0.38511 0.01075 0.09348 0.00875 0.12925 0.01494 0.11329 0.24442 1.00000 293.21900
0.00488 0.01901 0.20210 0.01120 0.11590 0.00991 0.20128 0.43572 1.00000 64.10800
0.03844 0.00840 0.10259 0.40803 0.07403 0.09750 0.09258 0.17843 1.00000 20.49500
0.20944 0.16709 0.24051 0.12807 0.00588 0.02930 0.19459 0.02511 1.00000 255.21800
0.22208 0.00814 0.12297 0.02512 0.13685 0.01020 0.10583 0.36881 1.00000 150.09300
0.44594 0.05311 0.25569 0.00651 0.03202 0.01003 0.16947 0.02724 1.00000 543.91900
0.00611 0.01796 0.06135 0.19189 0.00777 0.07312 0.08224 0.55957 1.00000 120.16300
0.08534 0.01284 0.03835 0.25159 0.17402 0.00923 0.30226 0.12637 1.00000 76.88000
0.30979 0.10115 0.01168 0.02275 0.00398 0.00693 0.26968 0.27406 1.00000 100000.00000
0.30841 0.07289 0.24282 0.16254 0.00778 0.01795 0.18276 0.00486 1.00000 208.70300
0.03275 0.14167 0.02242 0.19398 0.49197 0.01201 0.00578 0.09941 1.00000 12.35100
0.35574 0.23094 0.11820 0.01519 0.03085 0.15642 0.05855 0.03411 1.00000 338.11600
0.12613 0.03831 0.02092 0.13565 0.45229 0.01837 0.00531 0.20301 1.00000 45.40100
0.23677 0.14224 0.17210 0.07416 0.01461 0.00288 0.12505 0.23220 1.00000 672.11300
0.23651 0.08181 0.35803 0.10793 0.00477 0.08198 0.08535 0.04363 1.00000 117.16400
0.15797 0.23751 0.01697 0.03383 0.07093 0.43405 0.03533 0.01340 1.00000 237.76000
0.19836 0.65067 0.05199 0.03545 0.00795 0.02661 0.00725 0.02172 1.00000 159.33000
0.05012 0.41776 0.01782 0.14882 0.00558 0.04657 0.30197 0.01136 1.00000 250.84200
0.00849 0.01376 0.00967 0.00495 0.67715 0.25472 0.02025 0.01100 1.00000 26.68600
0.07968 0.00648 0.35526 0.19640 0.01157 0.00355 0.33052 0.01653 1.00000 41.29000
0.23171 0.44851 0.00363 0.05715 0.01647 0.22999 0.00882 0.00372 1.00000 288.03500
0.43512 0.00729 0.14780 0.16686 0.11965 0.05519 0.06373 0.00436 1.00000 33.37300
0.07147 0.18780 0.03537 0.02868 0.39569 0.03006 0.24524 0.00570 1.00000 44.73100
0.01057 0.26050 0.00848 0.36929 0.01427 0.00671 0.06915 0.26103 1.00000 107.25200
0.25572 0.04010 0.01491 0.16368 0.01019 0.44239 0.00856 0.06445 1.00000 156.66100
0.00935 0.04768 0.13312 0.01980 0.08243 0.50679 0.11646 0.08437 1.00000 25.37200
0.02346 0.01731 0.25965 0.01427 0.04282 0.05178 0.58194 0.00877 1.00000 65.37400
0.01650 0.25988 0.03798 0.11208 0.05295 0.02317 0.02900 0.46844 1.00000 111.51400
0.06447 0.09144 0.49709 0.16690 0.06037 0.01062 0.01098 0.09813 1.00000 19.79000
0.01281 0.03562 0.11645 0.15642 0.06536 0.14092 0.41733 0.05510 1.00000 34.54000
0.29710 0.17247 0.12795 0.11680 0.24074 0.01134 0.02490 0.00871 1.00000 17.19100
0.11212 0.02225 0.01358 0.46125 0.33823 0.02474 0.01917 0.00867 1.00000 11.41300
0.02031 0.21158 0.15898 0.41581 0.11327 0.04015 0.02278 0.01712 1.00000 8.90300
0.21941 0.05683 0.22208 0.06279 0.03201 0.28692 0.06378 0.05618 1.00000 53.93200
0.06160 0.03626 0.11487 0.64246 0.02839 0.04806 0.01762 0.05074 1.00000 12.50600
0.18792 0.00891 0.03621 0.00463 0.23539 0.00267 0.32682 0.19745 1.00000 672.66500
0.07673 0.02587 0.01680 0.07010 0.03500 0.26368 0.09461 0.41721 1.00000 800.12500
0.30843 0.05376 0.00315 0.26521 0.00535 0.00662 0.34343 0.01405 1.00000 106.28500
0.47019 0.00890 0.00680 0.25539 0.04557 0.01082 0.10446 0.09786 1.00000 87.34100
0.15651 0.18497 0.01008 0.01509 0.05278 0.05846 0.47116 0.05095 1.00000 3700.04500
0.01663 0.37942 0.03971 0.00775 0.02234 0.05409 0.40164 0.07841 1.00000 2267.61600
0.04460 0.16210 0.02837 0.16848 0.12262 0.09236 0.09761 0.28385 1.00000 65.67400
0.03922 0.01096 0.17592 0.53100 0.01205 0.05150 0.06563 0.11373 1.00000 15.27400
0.00547 0.18010 0.15142 0.02036 0.07859 0.49240 0.02897 0.04268 1.00000 25.55800
0.04284 0.33532 0.01698 0.09659 0.00696 0.00441 0.02108 0.47582 1.00000 769.12600
0.40036 0.16122 0.02382 0.30020 0.00984 0.07062 0.02587 0.00807 1.00000 101.02200
0.11341 0.40829 0.01200 0.00829 0.18383 0.04321 0.20526 0.02571 1.00000 254.16700
0.05896 0.01546 0.19270 0.39989 0.30811 0.01686 0.00351 0.00450 1.00000 6.43000
0.24061 0.14254 0.05348 0.02884 0.18177 0.02838 0.29718 0.02719 1.00000 212.74500
0.41094 0.12941 0.00767 0.00463 0.00485 0.23742 0.18803 0.01704 1.00000 100000.00000
0.10624 0.02240 0.00600 0.03503 0.10195 0.48120 0.04213 0.20506 1.00000 1606.09000
0.52692 0.03602 0.01349 0.17239 0.00759 0.02560 0.00424 0.21376 1.00000 203.13500
0.01617 0.03544 0.09350 0.42010 0.01564 0.04053 0.03530 0.34331 1.00000 38.75100
0.16662 0.34357 0.04135 0.01130 0.02281 0.06831 0.00690 0.33914 1.00000 321.01200
0.00308 0.37517 0.09475 0.01044 0.35895 0.04342 0.02930 0.08491 1.00000 14.94500
0.16613 0.34277 0.23075 0.01888 0.09678 0.06932 0.05686 0.01850 1.00000 32.62900
0.03612 0.11215 0.01458 0.01205 0.13854 0.04321 0.40367 0.23968 1.00000 585.86000
0.09948 0.07093 0.01056 0.00697 0.46728 0.00636 0.31295 0.02546 1.00000 388.68500
0.00717 0.04843 0.00667 0.24766 0.52123 0.00988 0.01144 0.14750 1.00000 19.67200
0.40607 0.11021 0.03523 0.01323 0.03954 0.06957 0.28304 0.04312 1.00000 3422.06300
0.00893 0.02900 0.00439 0.21172 0.00792 0.43401 0.20816 0.09587 1.00000 275.68300
0.44800 0.03640 0.00946 0.02548 0.01058 0.44689 0.00606 0.01713 1.00000 1725.75100
0.01079 0.12356 0.25184 0.38295 0.03951 0.00616 0.00568 0.17951 1.00000 21.14900
0.00284 0.09978 0.28159 0.35594 0.03313 0.06108 0.15205 0.01358 1.00000 12.47200
0.01430 0.02581 0.32534 0.27604 0.14544 0.18258 0.02301 0.00747 1.00000 7.52800
0.39936 0.00501 0.34702 0.02292 0.14187 0.01019 0.03335 0.04028 1.00000 30.09400
0.24682 0.12850 0.00720 0.02009 0.30096 0.07903 0.13351 0.08388 1.00000 349.73300
0.04826 0.22423 0.02178 0.18784 0.00497 0.16204 0.04947 0.30143 1.00000 230.72800
0.18119 0.26961 0.13935 0.01216 0.00363 0.00847 0.09153 0.29405 1.00000 3399.98300
0.01571 0.01635 0.04311 0.39617 0.41127 0.01410 0.01282 0.09047 1.00000 12.72200
0.03203 0.48369 0.08287 0.21983 0.06374 0.00498 0.09665 0.01620 1.00000 20.57300
0.03737 0.00741 0.01665 0.11226 0.09239 0.70149 0.01304 0.01941 1.00000 43.50900
0.02124 0.04015 0.32778 0.13885 0.03298 0.02207 0.04766 0.36926 1.00000 61.62300
0.35512 0.00519 0.09398 0.15957 0.08161 0.23955 0.05726 0.00771 1.00000 39.68000
0.00845 0.21258 0.01579 0.02955 0.04419 0.36857 0.31222 0.00865 1.00000 296.95300
0.12061 0.10053 0.33381 0.30142 0.08856 0.00595 0.00887 0.04026 1.00000 14.52100
0.34174 0.00803 0.00374 0.02284 0.35234 0.04125 0.05036 0.17970 1.00000 2455.34600
0.09874 0.00455 0.17715 0.05281 0.07874 0.08369 0.48291 0.02141 1.00000 65.37400
0.38718 0.00962 0.06549 0.00843 0.21442 0.25606 0.01513 0.04367 1.00000 195.39900
0.02805 0.53292 0.18685 0.03093 0.03002 0.04456 0.03264 0.11402 1.00000 61.78400
0.00730 0.53381 0.09874 0.05842 0.18613 0.02331 0.08156 0.01073 1.00000 14.94300
0.29904 0.16763 0.03262 0.07938 0.08641 0.11642 0.21123 0.00727 1.00000 187.92700
0.45833 0.01069 0.12867 0.11261 0.06948 0.01088 0.08308 0.12626 1.00000 101.84100
0.12405 0.25868 0.00269 0.06501 0.05766 0.25138 0.02601 0.21453 1.00000 446.82500
0.23773 0.07014 0.29818 0.19487 0.01450 0.06207 0.06141 0.06110 1.00000 66.78000
0.14126 0.31562 0.43815 0.00448 0.00617 0.00398 0.08142 0.00892 1.00000 923.05200
0.03020 0.02205 0.16542 0.18786 0.48397 0.01826 0.05052 0.04172 1.00000 9.04800
0.10225 0.02993 0.07706 0.33851 0.00843 0.01308 0.01639 0.41435 1.00000 155.17300
0.05116 0.09211 0.08764 0.01623 0.01335 0.11845 0.27937 0.34168 1.00000 1570.13900
0.00360 0.02353 0.12642 0.25168 0.08246 0.04971 0.44569 0.01690 1.00000 25.64400
0.03879 0.20419 0.08071 0.23033 0.09535 0.18659 0.09494 0.06912 1.00000 24.36000
0.00895 0.15339 0.16225 0.02971 0.40202 0.15310 0.08021 0.01036 1.00000 13.04700
0.00698 0.01819 0.19923 0.13331 0.41147 0.07823 0.00968 0.14291 1.00000 10.71800
0.14306 0.04323 0.39014 0.01061 0.00466 0.27438 0.00619 0.12773 1.00000 64.31200
0.02705 0.02517 0.01976 0.82810 0.01541 0.03436 0.02695 0.02320 1.00000 13.23200
0.00677 0.34065 0.05760 0.35784 0.01610 0.02081 0.19354 0.00669 1.00000 24.67600
0.04623 0.00603 0.19375 0.03838 0.14065 0.13266 0.41420 0.02810 1.00000 30.58300
0.40546 0.03095 0.29474 0.00995 0.15346 0.01950 0.01759 0.06835 1.00000 28.47500
0.01576 0.00357 0.02376 0.00731 0.23344 0.34329 0.36105 0.01182 1.00000 88.24200
0.33558 0.21468 0.00555 0.01383 0.17623 0.08240 0.05700 0.11472 1.00000 488.88200
0.21342 0.00568 0.00930 0.30718 0.03241 0.22902 0.19851 0.00448 1.00000 104.73200
0.36810 0.00879 0.05112 0.01164 0.18776 0.02125 0.34562 0.00571 1.00000 681.21100
0.03805 0.02074 0.40422 0.05950 0.02859 0.00650 0.43007 0.01233 1.00000 68.91200
0.04401 0.08496 0.00362 0.21708 0.06331 0.25170 0.10639 0.22892 1.00000 160.78900
0.03441 0.28857 0.01488 0.00812 0.31373 0.20652 0.12443 0.00934 1.00000 57.57900
0.00375 0.28163 0.04061 0.14861 0.21699 0.00312 0.11948 0.18582 1.00000 24.72300
0.10728 0.24477 0.03800 0.03470 0.02595 0.19337 0.12460 0.23133 1.00000 1030.31600
0.54573 0.02688 0.09120 0.14476 0.06999 0.05544 0.04172 0.02428 1.00000 58.66800
0.29499 0.00308 0.03010 0.23153 0.18095 0.00573 0.14996 0.10366 1.00000 52.01600
0.39973 0.04219 0.05403 0.09040 0.00567 0.15501 0.01424 0.23874 1.00000 456.86400
0.23231 0.06289 0.38363 0.00411 0.00364 0.13100 0.13171 0.05071 1.00000 874.91600
0.11893 0.34152 0.01763 0.25093 0.00390 0.05923 0.12667 0.08119 1.00000 159.71100
0.04275 0.01672 0.06703 0.02415 0.02633 0.45132 0.33223 0.03946 1.00000 128.18800
0.00584 0.06708 0.42011 0.09847 0.00468 0.03903 0.02821 0.33658 1.00000 105.94800
0.01018 0.00709 0.47981 0.01074 0.01001 0.19393 0.00595 0.28230 1.00000 31.19200
0.06549 0.60305 0.07430 0.03221 0.03584 0.11594 0.03590 0.03725 1.00000 85.78900
0.19161 0.02432 0.22102 0.19206 0.20864 0.14097 0.00963 0.01174 1.00000 12.55400
0.10381 0.10690 0.00865 0.00897 0.01537 0.00947 0.71968 0.02715 1.00000 11557.50700
0.27393 0.08797 0.03652 0.01202 0.39178 0.00671 0.03265 0.15842 1.00000 84.83300
0.21562 0.18889 0.01411 0.03059 0.12994 0.00685 0.00909 0.40490 1.00000 110.71300
0.01203 0.00895 0.04512 0.04724 0.01360 0.01765 0.65589 0.19952 1.00000 197.77800
0.36358 0.01780 0.35127 0.00581 0.01202 0.09058 0.02492 0.13401 1.00000 187.33500
0.26473 0.08984 0.36556 0.15241 0.08104 0.01632 0.01988 0.01022 1.00000 24.90700
0.06536 0.06681 0.08736 0.55045 0.11933 0.01317 0.01249 0.08503 1.00000 10.79600
0.03109 0.02311 0.03562 0.13129 0.38758 0.19644 0.04795 0.14692 1.00000 37.73200
0.02103 0.05587 0.01845 0.23062 0.02991 0.55000 0.08438 0.00975 1.00000 49.90400
0.10366 0.01610 0.01246 0.37992 0.05419 0.17338 0.12324 0.13705 1.00000 78.85400
0.01342 0.35021 0.12616 0.04179 0.26044 0.17086 0.00824 0.02889 1.00000 14.30600
0.03945 0.34682 0.19895 0.07607 0.00874 0.01037 0.13170 0.18790 1.00000 670.10700
0.08520 0.19912 0.03761 0.00670 0.10156 0.33476 0.02411 0.21094 1.00000 382.82800
0.24370 0.00942 0.17268 0.19417 0.01924 0.05273 0.22579 0.08226 1.00000 71.97000
0.21440 0.29556 0.18498 0.02011 0.02346 0.18882 0.04921 0.02346 1.00000 147.97700
0.01278 0.12045 0.00976 0.31583 0.46409 0.03184 0.00585 0.03940 1.00000 9.46600
0.44508 0.02138 0.23477 0.06748 0.08946 0.02999 0.07747 0.03437 1.00000 62.58600
0.18357 0.23577 0.01972 0.00647 0.05310 0.07861 0.05777 0.36498 1.00000 1698.55000
0.37338 0.00928 0.06118 0.38884 0.04262 0.09656 0.02349 0.00466 1.00000 27.65500
0.03934 0.59534 0.15227 0.03750 0.02285 0.05841 0.06935 0.02494 1.00000 93.74300
0.00581 0.03242 0.01855 0.01421 0.15829 0.42923 0.28223 0.05925 1.00000 86.88100
0.08062 0.00333 0.02417 0.26472 0.17780 0.38077 0.06523 0.00335 1.00000 44.59700
0.09952 0.03444 0.19460 0.02772 0.25632 0.32685 0.01323 0.04733 1.00000 17.60200
0.06597 0.18398 0.31144 0.01543 0.00947 0.22892 0.03424 0.15055 1.00000 103.56700
0.26859 0.00688 0.00694 0.24230 0.00604 0.22949 0.23444 0.00531 1.00000 178.13800
0.09294 0.61384 0.05956 0.09587 0.05977 0.03098 0.01022 0.03681 1.00000 26.77200
0.21887 0.02861 0.26627 0.01979 0.38878 0.02561 0.04181 0.01025 1.00000 16.18200
0.07668 0.31727 0.15492 0.03171 0.24524 0.02444 0.07388 0.07588 1.00000 19.61700
0.01400 0.44401 0.01276 0.27915 0.04397 0.10184 0.08734 0.01693 1.00000 26.11400
0.20731 0.00577 0.33251 0.21073 0.02382 0.14196 0.02185 0.05604 1.00000 20.96700
0.00523 0.35735 0.00547 0.32462 0.20445 0.00287 0.01850 0.08151 1.00000 10.20500
0.01098 0.00392 0.05030 0.00626 0.05765 0.32777 0.01084 0.53228 1.00000 62.28700
0.03745 0.10753 0.01041 0.17996 0.50750 0.03395 0.07471 0.04848 1.00000 19.68500
0.09107 0.18846 0.07310 0.03727 0.01562 0.03355 0.41463 0.14630 1.00000 1499.98900
0.01319 0.03182 0.26305 0.01105 0.01893 0.13346 0.45194 0.07656 1.00000 97.67200
0.49043 0.04160 0.00912 0.02590 0.34614 0.01666 0.03762 0.03254 1.00000 149.70400
0.07796 0.04409 0.01269 0.01575 0.65688 0.11951 0.03086 0.04226 1.00000 75.41900
0.03880 0.29650 0.00595 0.00334 0.07442 0.02371 0.32516 0.23212 1.00000 4062.79200
0.03668 0.39064 0.02847 0.05620 0.37728 0.05445 0.02273 0.03355 1.00000 14.43500
0.01419 0.15541 0.01639 0.20370 0.40695 0.14691 0.01823 0.03821 1.00000 12.58100
0.13649 0.00577 0.18350 0.07097 0.21332 0.37520 0.00429 0.01045 1.00000 14.41200
0.02532 0.07185 0.03111 0.04733 0.04701 0.03730 0.37953 0.36055 1.00000 471.03200
0.05676 0.61151 0.17087 0.05376 0.05177 0.01329 0.03188 0.01016 1.00000 23.30200
0.02310 0.00511 0.10378 0.05069 0.66961 0.13767 0.00544 0.00460 1.00000 8.10300
0.00863 0.00725 0.04625 0.02954 0.02853 0.02870 0.61273 0.23838 1.00000 128.91600
0.00866 0.08080 0.54439 0.07431 0.03137 0.04502 0.01991 0.19554 1.00000 27.85300
0.00432 0.14696 0.08940 0.00382 0.19724 0.36323 0.03894 0.15609 1.00000 33.95600
0.12740 0.00608 0.00364 0.41113 0.38161 0.01377 0.02634 0.03004 1.00000 22.86900
0.01243 0.02496 0.01439 0.50135 0.24656 0.00372 0.12408 0.07250 1.00000 29.33400
0.41405 0.52896 0.02041 0.00377 0.00779 0.00458 0.01669 0.00375 1.00000 453.93100
0.34809 0.00593 0.25417 0.01253 0.01345 0.05552 0.28817 0.02213 1.00000 1225.37000
0.04105 0.00656 0.15497 0.04551 0.13667 0.09665 0.50804 0.01055 1.00000 36.69500
0.02578 0.03322 0.22265 0.05218 0.07332 0.00648 0.43440 0.15198 1.00000 72.12600
0.15592 0.15898 0.06044 0.03813 0.28224 0.10547 0.13400 0.06482 1.00000 57.58100
0.29704 0.00777 0.02982 0.05169 0.10472 0.08374 0.00327 0.42194 1.00000 429.42900
0.17222 0.16106 0.00717 0.01729 0.32953 0.02946 0.12716 0.15610 1.00000 250.05600
0.03209 0.06677 0.20516 0.19647 0.27012 0.06965 0.09420 0.06554 1.00000 11.77500
0.12988 0.03438 0.07365 0.07311 0.06435 0.11818 0.13424 0.37221 1.00000 248.91400
0.01669 0.01542 0.03586 0.01008 0.10602 0.71687 0.03724 0.06182 1.00000 36.48500
0.36767 0.01493 0.02120 0.03289 0.49292 0.02169 0.03564 0.01307 1.00000 102.58100
0.05858 0.07644 0.25587 0.38245 0.12020 0.06947 0.03339 0.00360 1.00000 8.68400
0.03983 0.59752 0.04869 0.02704 0.19807 0.05075 0.01104 0.02707 1.00000 15.08600
0.08729 0.00724 0.15240 0.01768 0.02702 0.28199 0.31870 0.10769 1.00000 159.64300
0.04319 0.03259 0.64435 0.07612 0.07662 0.01092 0.00904 0.10717 1.00000 15.88000
0.07160 0.30926 0.14869 0.32803 0.01314 0.10492 0.00973 0.01463 1.00000 21.16600
0.27515 0.11980 0.03605 0.34349 0.11016 0.06147 0.00699 0.04688 1.00000 21.84400
0.48629 0.25715 0.00578 0.04246 0.00385 0.00598 0.00807 0.19043 1.00000 587.29800
0.03613 0.03514 0.44504 0.07262 0.06579 0.30494 0.03562 0.00471 1.00000 11.08000
0.12517 0.00630 0.04419 0.03644 0.05185 0.24050 0.19826 0.29729 1.00000 587.79200
0.01686 0.00657 0.34735 0.00825 0.18464 0.01019 0.01820 0.40794 1.00000 22.91000
0.00476 0.00465 0.26422 0.40295 0.29026 0.01082 0.01649 0.00586 1.00000 5.68900
0.04572 0.21390 0.00787 0.46307 0.00662 0.01593 0.21707 0.02982 1.00000 36.90900
0.03067 0.34161 0.03351 0.02362 0.01970 0.26039 0.17342 0.11709 1.00000 1135.44200
0.00372 0.04726 0.10208 0.05295 0.01276 0.18539 0.42257 0.17328 1.00000 105.80300
0.75171 0.00729 0.02501 0.10729 0.03762 0.01172 0.02593 0.03343 1.00000 134.51400
0.02363 0.02624 0.68204 0.01145 0.14202 0.05284 0.03108 0.03070 1.00000 10.96300
0.07365 0.06762 0.00725 0.26835 0.00870 0.15853 0.05985 0.35605 1.00000 203.26200
0.12656 0.39365 0.29688 0.01141 0.00485 0.03451 0.07372 0.05841 1.00000 921.97800
0.24156 0.11258 0.04418 0.07794 0.27625 0.01012 0.12521 0.11216 1.00000 60.50300
0.01065 0.19065 0.00693 0.00982 0.01939 0.26277 0.15985 0.33994 1.00000 4244.67700
0.15011 0.15478 0.00401 0.01122 0.23470 0.01302 0.25850 0.17368 1.00000 1211.37700
0.05559 0.02712 0.00786 0.13933 0.31538 0.30589 0.07014 0.07869 1.00000 143.21400
0.01190 0.18813 0.45815 0.11179 0.04380 0.00845 0.02433 0.15345 1.00000 25.86700
0.02001 0.00733 0.42213 0.06063 0.00654 0.44792 0.02704 0.00841 1.00000 10.82600
0.15519 0.07155 0.12301 0.03126 0.11179 0.11583 0.28960 0.10177 1.00000 157.35900
0.02581 0.10082 0.56686 0.02673 0.03852 0.11319 0.03494 0.09312 1.00000 22.65100
0.02078 0.12209 0.53185 0.05450 0.04783 0.14799 0.02066 0.05429 1.00000 14.65400
0.04084 0.14052 0.16031 0.20806 0.01164 0.26280 0.15386 0.02196 1.00000 23.92300
0.05554 0.20713 0.00415 0.02524 0.02447 0.56235 0.11451 0.00662 1.00000 1637.47500
0.00524 0.07733 0.32565 0.42917 0.01284 0.13339 0.01058 0.00581 1.00000 8.19900
0.06633 0.00770 0.01392 0.06252 0.01577 0.30165 0.23853 0.29358 1.00000 1092.24400
0.00864 0.01004 0.01154 0.06779 0.06626 0.03135 0.33612 0.46825 1.00000 209.68500
0.01504 0.05202 0.04873 0.51200 0.00781 0.11631 0.18678 0.06132 1.00000 26.68600
0.34040 0.11543 0.02289 0.04152 0.13987 0.08131 0.02064 0.23794 1.00000 232.22400
0.17597 0.34162 0.03260 0.02474 0.03596 0.36621 0.01252 0.01038 1.00000 204.10900
0.06183 0.00391 0.05198 0.41109 0.00433 0.41460 0.04366 0.00860 1.00000 17.36800
0.05530 0.38064 0.09891 0.37710 0.04967 0.01203 0.01121 0.01513 1.00000 14.41200
0.01818 0.00706 0.43111 0.23180 0.03478 0.03067 0.02595 0.22044 1.00000 22.67100
0.02670 0.00602 0.40977 0.03072 0.16912 0.34076 0.01267 0.00424 1.00000 8.99200
0.08699 0.28412 0.36871 0.02028 0.00383 0.17671 0.00844 0.05092 1.00000 53.90800
0.12837 0.00635 0.44664 0.04680 0.09908 0.01636 0.18193 0.07446 1.00000 43.24400
0.15283 0.07186 0.25294 0.21918 0.16089 0.07841 0.03832 0.02557 1.00000 13.01700
0.44448 0.03980 0.00402 0.08089 0.14535 0.03741 0.10599 0.14208 1.00000 294.39400
0.00839 0.00413 0.09320 0.06000 0.02049 0.26604 0.48918 0.05857 1.00000 47.22400
0.05535 0.18175 0.12037 0.10569 0.02187 0.32032 0.13557 0.05907 1.00000 53.71700
0.01986 0.02803 0.08624 0.01074 0.00782 0.41116 0.23640 0.19976 1.00000 240.54900
0.00655 0.08038 0.14199 0.01615 0.00560 0.72749 0.01432 0.00752 1.00000 24.58700
0.01651 0.12643 0.31539 0.10346 0.09131 0.09139 0.20238 0.05314 1.00000 22.61400
0.02367 0.12811 0.01599 0.03714 0.32614 0.29550 0.02315 0.15030 1.00000 53.22800
0.04623 0.48880 0.08943 0.01642 0.02569 0.01533 0.30760 0.01049 1.00000 789.87100
0.06383 0.06861 0.14789 0.22831 0.02799 0.01050 0.36133 0.09155 1.00000 45.59200
0.18458 0.27032 0.15915 0.00731 0.09204 0.00657 0.00970 0.27032 1.00000 40.53700
0.17954 0.02351 0.25685 0.01414 0.12114 0.12132 0.00300 0.28050 1.00000 46.14900
0.00369 0.17257 0.01057 0.25781 0.11616 0.18328 0.23606 0.01986 1.00000 31.76400
0.90000 0.01429 0.01429 0.01429 0.01429 0.01429 0.01429 0.01429 2.00000 4011.98800
0.01429 0.90000 0.01429 0.01429 0.01429 0.01429 0.01429 0.01429 2.00000 113.57000
0.01429 0.01429 0.90000 0.01429 0.01429 0.01429 0.01429 0.01429 2.00000 24.47100
0.01429 0.01429 0.01429 0.90000 0.01429 0.01429 0.01429 0.01429 2.00000 10.73600
0.01429 0.01429 0.01429 0.01429 0.90000 0.01429 0.01429 0.01429 2.00000 23.90400
0.01429 0.01429 0.01429 0.01429 0.01429 0.90000 0.01429 0.01429 2.00000 107.39900
0.01429 0.01429 0.01429 0.01429 0.01429 0.01429 0.90000 0.01429 2.00000 4332.20600
0.01429 0.01429 0.01429 0.01429 0.01429 0.01429 0.01429 0.90000 2.00000 4802.12900
0.10225 0.01241 0.03232 0.17815 0.33136 0.02518 0.30230 0.01603 2.00000 214.73000
0.02616 0.06843 0.25537 0.02287 0.00585 0.10236 0.33193 0.18703 2.00000 791.46800
0.14444 0.15814 0.34001 0.16843 0.01707 0.03142 0.12273 0.01776 2.00000 113.21600
0.04490 0.26647 0.01071 0.05982 0.48070 0.02115 0.08638 0.02987 2.00000 21.77300
0.00437 0.33000 0.00757 0.28651 0.08210 0.18580 0.10097 0.00270 2.00000 22.69400
0.32307 0.02431 0.07456 0.00537 0.29260 0.02508 0.23831 0.01671 2.00000 534.31900
0.00690 0.20012 0.46998 0.08355 0.07026 0.08245 0.05182 0.03492 2.00000 16.73800
0.01528 0.02449 0.01523 0.14768 0.27040 0.31245 0.01218 0.20230 2.00000 103.95000
0.12503 0.05505 0.01878 0.03545 0.28559 0.13715 0.04086 0.30209 2.00000 660.57000
0.47799 0.30339 0.01754 0.02327 0.03499 0.08113 0.01900 0.04271 2.00000 2081.68200
0.18388 0.61987 0.00731 0.01663 0.05386 0.09854 0.01405 0.00586 2.00000 257.64500
0.04762 0.19433 0.01982 0.41186 0.07544 0.00545 0.02367 0.22181 2.00000 34.28800
0.01808 0.03675 0.06062 0.10319 0.27523 0.00948 0.39958 0.09706 2.00000 125.58100
0.01661 0.03669 0.37017 0.22779 0.04302 0.01273 0.01249 0.28050 2.00000 45.58600
0.00874 0.03005 0.03154 0.10383 0.00869 0.27309 0.10892 0.43514 2.00000 476.03100
0.00928 0.03299 0.01051 0.01139 0.09563 0.46629 0.31223 0.06168 2.00000 1340.78300
0.02146 0.01495 0.34616 0.02286 0.00686 0.11824 0.07676 0.39270 2.00000 281.68100
0.05827 0.02213 0.01398 0.02646 0.82399 0.02639 0.01626 0.01253 2.00000 41.19800
0.00402 0.05487 0.01126 0.01470 0.09399 0.09930 0.27800 0.44385 2.00000 1811.19400
0.25414 0.00246 0.08563 0.03697 0.00564 0.32900 0.03810 0.24805 2.00000 1717.89700
0.09749 0.03754 0.11380 0.04953 0.42420 0.00352 0.24055 0.03337 2.00000 47.70000
0.00534 0.02067 0.34851 0.02189 0.12222 0.43082 0.00405 0.04650 2.00000 11.71200
0.00973 0.03577 0.07525 0.02175 0.40190 0.31676 0.13128 0.00754 2.00000 28.50400
0.34311 0.02899 0.41254 0.12879 0.01204 0.00979 0.01403 0.05071 2.00000 652.51000
0.01169 0.00899 0.00878 0.11610 0.19183 0.21126 0.19206 0.25927 2.00000 1112.60200
0.20579 0.04710 0.00709 0.16042 0.00906 0.00693 0.06680 0.49681 2.00000 1018.85300
0.12899 0.01412 0.00611 0.46847 0.10849 0.03229 0.12590 0.11564 2.00000 44.42600
0.02610 0.49306 0.01623 0.01373 0.00905 0.05734 0.00835 0.37613 2.00000 4877.03300
0.02141 0.30459 0.34317 0.00488 0.00794 0.01452 0.12786 0.17561 2.00000 6473.32200
0.01626 0.15883 0.30506 0.22782 0.18507 0.01950 0.05010 0.03735 2.00000 10.52300
0.04448 0.09016 0.07177 0.15324 0.33948 0.03603 0.02957 0.23527 2.00000 27.52400
0.09457 0.04875 0.55613 0.00628 0.01045 0.02230 0.00588 0.25563 2.00000 356.57700
0.24653 0.05435 0.22285 0.07966 0.02164 0.04978 0.30506 0.02012 2.00000 266.78200
0.01681 0.00495 0.01854 0.00505 0.13551 0.38213 0.06623 0.37079 2.00000 699.90500
0.07427 0.00521 0.18296 0.15859 0.17529 0.03177 0.28641 0.08550 2.00000 34.07800
0.37989 0.33010 0.06286 0.00390 0.01047 0.13477 0.02604 0.05198 2.00000 12270.69900
0.13243 0.19412 0.00588 0.04126 0.08019 0.10248 0.01808 0.42557 2.00000 1467.53900
0.25926 0.11677 0.01007 0.03958 0.38381 0.02147 0.00504 0.16401 2.00000 77.38900
0.01946 0.50049 0.03825 0.05884 0.06380 0.05565 0.24955 0.01395 2.00000 151.50900
0.00370 0.15504 0.02808 0.31124 0.09783 0.32776 0.00736 0.06899 2.00000 21.15900
0.01870 0.21057 0.09515 0.01343 0.44006 0.00999 0.02033 0.19177 2.00000 22.54400
0.21834 0.23938 0.18027 0.01168 0.00468 0.26528 0.00754 0.07283 2.00000 413.18300
0.03697 0.01043 0.10972 0.01683 0.07982 0.46878 0.05107 0.22637 2.00000 72.76000
0.12148 0.05459 0.28914 0.00533 0.43097 0.06524 0.00291 0.03033 2.00000 15.89300
0.13157 0.01625 0.11207 0.02326 0.03407 0.04287 0.62138 0.01853 2.00000 1547.01200
0.27953 0.01422 0.35850 0.01564 0.01050 0.30952 0.00788 0.00423 2.00000 54.57300
0.00662 0.00727 0.03327 0.15879 0.30026 0.01652 0.36382 0.11344 2.00000 285.17100
0.04020 0.05272 0.01510 0.01886 0.56370 0.24797 0.02646 0.03499 2.00000 50.20900
0.12151 0.11614 0.10179 0.00888 0.10427 0.05388 0.45380 0.03972 2.00000 1032.90500
0.03891 0.02489 0.03881 0.19326 0.48756 0.08815 0.02443 0.10399 2.00000 28.25700
0.02270 0.06992 0.00315 0.22316 0.04419 0.20453 0.14000 0.29236 2.00000 276.10000
0.00677 0.39442 0.03339 0.16655 0.03212 0.05512 0.04315 0.26849 2.00000 140.98200
0.03778 0.03293 0.00826 0.01797 0.01566 0.11590 0.75956 0.01193 2.00000 100000.00000
0.02889 0.05286 0.14090 0.16352 0.42167 0.03435 0.03924 0.11857 2.00000 14.42000
0.02351 0.52463 0.06502 0.01502 0.04875 0.03867 0.21391 0.07049 2.00000 1391.34600
0.38670 0.10344 0.00358 0.31843 0.00735 0.06647 0.00453 0.10950 2.00000 140.15000
0.03865 0.08123 0.10618 0.16099 0.03415 0.28322 0.03404 0.26154 2.00000 54.82900
0.00546 0.09754 0.04966 0.06522 0.19142 0.26389 0.00424 0.32257 2.00000 74.19500
0.24903 0.06888 0.00730 0.13674 0.31566 0.08199 0.04626 0.09416 2.00000 67.91600
0.00519 0.00496 0.38035 0.49441 0.02122 0.00796 0.06664 0.01927 2.00000 10.45900
0.14628 0.43043 0.12542 0.03951 0.07808 0.01224 0.04768 0.12036 2.00000 109.10400
0.38511 0.01075 0.09348 0.00875 0.12925 0.01494 0.11329 0.24442 2.00000 1177.52800
0.00488 0.01901 0.20210 0.01120 0.11590 0.00991 0.20128 0.43572 2.00000 146.30200
0.03844 0.00840 0.10259 0.40803 0.07403 0.09750 0.09258 0.17843 2.00000 23.59800
0.20944 0.16709 0.24051 0.12807 0.00588 0.02930 0.19459 0.02511 2.00000 426.88100
0.22208 0.00814 0.12297 0.02512 0.13685 0.01020 0.10583 0.36881 2.00000 423.13200
0.44594 0.05311 0.25569 0.00651 0.03202 0.01003 0.16947 0.02724 2.00000 3592.74500
0.00611 0.01796 0.06135 0.19189 0.00777 0.07312 0.08224 0.55957 2.00000 178.49200
0.08534 0.01284 0.03835 0.25159 0.17402 0.00923 0.30226 0.12637 2.00000 143.90900
0.30979 0.10115 0.01168 0.02275 0.00398 0.00693 0.26968 0.27406 2.00000 100000.00000
0.30841 0.07289 0.24282 0.16254 0.00778 0.01795 0.18276 0.00486 2.00000 333.24900
0.03275 0.14167 0.02242 0.19398 0.49197 0.01201 0.00578 0.09941 2.00000 13.71000
0.35574 0.23094 0.11820 0.01519 0.03085 0.15642 0.05855 0.03411 2.00000 1159.85400
0.12613 0.03831 0.02092 0.13565 0.45229 0.01837 0.00531 0.20301 2.00000 57.45200
0.23677 0.14224 0.17210 0.07416 0.01461 0.00288 0.12505 0.23220 2.00000 2681.67400
0.23651 0.08181 0.35803 0.10793 0.00477 0.08198 0.08535 0.04363 2.00000 157.55700
0.15797 0.23751 0.01697 0.03383 0.07093 0.43405 0.03533 0.01340 2.00000 375.89900
0.19836 0.65067 0.05199 0.03545 0.00795 0.02661 0.00725 0.02172 2.00000 1001.46200
0.05012 0.41776 0.01782 0.14882 0.00558 0.04657 0.30197 0.01136 2.00000 317.69900
0.00849 0.01376 0.00967 0.00495 0.67715 0.25472 0.02025 0.01100 2.00000 42.07300
0.07968 0.00648 0.35526 0.19640 0.01157 0.00355 0.33052 0.01653 2.00000 49.28000
0.23171 0.44851 0.00363 0.05715 0.01647 0.22999 0.00882 0.00372 2.00000 539.36700
0.43512 0.00729 0.14780 0.16686 0.11965 0.05519 0.06373 0.00436 2.00000 45.56600
0.07147 0.18780 0.03537 0.02868 0.39569 0.03006 0.24524 0.00570 2.00000 60.90100
0.01057 0.26050 0.00848 0.36929 0.01427 0.00671 0.06915 0.26103 2.00000 143.14800
0.25572 0.04010 0.01491 0.16368 0.01019 0.44239 0.00856 0.06445 2.00000 230.02600
0.00935 0.04768 0.13312 0.01980 0.08243 0.50679 0.11646 0.08437 2.00000 35.39100
0.02346 0.01731 0.25965 0.01427 0.04282 0.05178 0.58194 0.00877 2.00000 93.61400
0.01650 0.25988 0.03798 0.11208 0.05295 0.02317 0.02900 0.46844 2.00000 206.30600
0.06447 0.09144 0.49709 0.16690 0.06037 0.01062 0.01098 0.09813 2.00000 28.83400
0.01281 0.03562 0.11645 0.15642 0.06536 0.14092 0.41733 0.05510 2.00000 63.80600
0.29710 0.17247 0.12795 0.11680 0.24074 0.01134 0.02490 0.00871 2.00000 22.84400
0.11212 0.02225 0.01358 0.46125 0.33823 0.02474 0.01917 0.00867 2.00000 11.90900
0.02031 0.21158 0.15898 0.41581 0.11327 0.04015 0.02278 0.01712 2.00000 9.57300
0.21941 0.05683 0.22208 0.06279 0.03201 0.28692 0.06378 0.05618 2.00000 72.79500
0.06160 0.03626 0.11487 0.64246 0.02839 0.04806 0.01762 0.05074 2.00000 12.87800
0.18792 0.00891 0.03621 0.00463 0.23539 0.00267 0.32682 0.19745 2.00000 4052.05800
0.07673 0.02587 0.01680 0.07010 0.03500 0.26368 0.09461 0.41721 2.00000 2095.96300
0.30843 0.05376 0.00315 0.26521 0.00535 0.00662 0.34343 0.01405 2.00000 113.51700
0.47019 0.00890 0.00680 0.25539 0.04557 0.01082 0.10446 0.09786 2.00000 110.90300
0.15651 0.18497 0.01008 0.01509 0.05278 0.05846 0.47116 0.05095 2.00000 100000.00000
0.01663 0.37942 0.03971 0.00775 0.02234 0.05409 0.40164 0.07841 2.00000 100000.00000
0.04460 0.16210 0.02837 0.16848 0.12262 0.09236 0.09761 0.28385 2.00000 84.55100
0.03922 0.01096 0.17592 0.53100 0.01205 0.05150 0.06563 0.11373 2.00000 15.69400
0.00547 0.18010 0.15142 0.02036 0.07859 0.49240 0.02897 0.04268 2.00000 29.98700
0.04284 0.33532 0.01698 0.09659 0.00696 0.00441 0.02108 0.47582 2.00000 3016.08100
0.40036 0.16122 0.02382 0.30020 0.00984 0.07062 0.02587 0.00807 2.00000 125.68500
0.11341 0.40829 0.01200 0.00829 0.18383 0.04321 0.20526 0.02571 2.00000 456.16600
0.05896 0.01546 0.19270 0.39989 0.30811 0.01686 0.00351 0.00450 2.00000 7.04300
0.24061 0.14254 0.05348 0.02884 0.18177 0.02838 0.29718 0.02719 2.00000 407.50700
0.41094 0.12941 0.00767 0.00463 0.00485 0.23742 0.18803 0.01704 2.00000 100000.00000
0.10624 0.02240 0.00600 0.03503 0.10195 0.48120 0.04213 0.20506 2.00000 6728.84100
0.52692 0.03602 0.01349 0.17239 0.00759 0.02560 0.00424 0.21376 2.00000 708.85800
0.01617 0.03544 0.09350 0.42010 0.01564 0.04053 0.03530 0.34331 2.00000 42.50700
0.16662 0.34357 0.04135 0.01130 0.02281 0.06831 0.00690 0.33914 2.00000 2171.10200
0.00308 0.37517 0.09475 0.01044 0.35895 0.04342 0.02930 0.08491 2.00000 17.56800
0.16613 0.34277 0.23075 0.01888 0.09678 0.06932 0.05686 0.01850 2.00000 51.09200
0.03612 0.11215 0.01458 0.01205 0.13854 0.04321 0.40367 0.23968 2.00000 3333.27800
0.09948 0.07093 0.01056 0.00697 0.46728 0.00636 0.31295 0.02546 2.00000 968.50700
0.00717 0.04843 0.00667 0.24766 0.52123 0.00988 0.01144 0.14750 2.00000 23.21000
0.40607 0.11021 0.03523 0.01323 0.03954 0.06957 0.28304 0.04312 2.00000 100000.00000
0.00893 0.02900 0.00439 0.21172 0.00792 0.43401 0.20816 0.09587 2.00000 716.17600
0.44800 0.03640 0.00946 0.02548 0.01058 0.44689 0.00606 0.01713 2.00000 10111.26300
0.01079 0.12356 0.25184 0.38295 0.03951 0.00616 0.00568 0.17951 2.00000 28.93200
0.00284 0.09978 0.28159 0.35594 0.03313 0.06108 0.15205 0.01358 2.00000 13.30800
0.01430 0.02581 0.32534 0.27604 0.14544 0.18258 0.02301 0.00747 2.00000 8.27100
0.39936 0.00501 0.34702 0.02292 0.14187 0.01019 0.03335 0.04028 2.00000 60.02900
0.24682 0.12850 0.00720 0.02009 0.30096 0.07903 0.13351 0.08388 2.00000 625.06800
0.04826 0.22423 0.02178 0.18784 0.00497 0.16204 0.04947 0.30143 2.00000 270.26100
0.18119 0.26961 0.13935 0.01216 0.00363 0.00847 0.09153 0.29405 2.00000 100000.00000
0.01571 0.01635 0.04311 0.39617 0.41127 0.01410 0.01282 0.09047 2.00000 14.34900
0.03203 0.48369 0.08287 0.21983 0.06374 0.00498 0.09665 0.01620 2.00000 24.75400
0.03737 0.00741 0.01665 0.11226 0.09239 0.70149 0.01304 0.01941 2.00000 64.98400
0.02124 0.04015 0.32778 0.13885 0.03298 0.02207 0.04766 0.36926 2.00000 115.55600
0.35512 0.00519 0.09398 0.15957 0.08161 0.23955 0.05726 0.00771 2.00000 51.76800
0.00845 0.21258 0.01579 0.02955 0.04419 0.36857 0.31222 0.00865 2.00000 861.32900
0.12061 0.10053 0.33381 0.30142 0.08856 0.00595 0.00887 0.04026 2.00000 21.31700
0.34174 0.00803 0.00374 0.02284 0.35234 0.04125 0.05036 0.17970 2.00000 8346.43700
0.09874 0.00455 0.17715 0.05281 0.07874 0.08369 0.48291 0.02141 2.00000 114.97100
0.38718 0.00962 0.06549 0.00843 0.21442 0.25606 0.01513 0.04367 2.00000 557.46600
0.02805 0.53292 0.18685 0.03093 0.03002 0.04456 0.03264 0.11402 2.00000 121.46000
0.00730 0.53381 0.09874 0.05842 0.18613 0.02331 0.08156 0.01073 2.00000 16.66200
0.29904 0.16763 0.03262 0.07938 0.08641 0.11642 0.21123 0.00727 2.00000 314.04200
0.45833 0.01069 0.12867 0.11261 0.06948 0.01088 0.08308 0.12626 2.00000 240.90300
0.12405 0.25868 0.00269 0.06501 0.05766 0.25138 0.02601 0.21453 2.00000 762.35500
0.23773 0.07014 0.29818 0.19487 0.01450 0.06207 0.06141 0.06110 2.00000 93.41700
0.14126 0.31562 0.43815 0.00448 0.00617 0.00398 0.08142 0.00892 2.00000 7383.53000
0.03020 0.02205 0.16542 0.18786 0.48397 0.01826 0.05052 0.04172 2.00000 10.65800
0.10225 0.02993 0.07706 0.33851 0.00843 0.01308 0.01639 0.41435 2.00000 254.59600
0.05116 0.09211 0.08764 0.01623 0.01335 0.11845 0.27937 0.34168 2.00000 8283.05000
0.00360 0.02353 0.12642 0.25168 0.08246 0.04971 0.44569 0.01690 2.00000 45.59200
0.03879 0.20419 0.08071 0.23033 0.09535 0.18659 0.09494 0.06912 2.00000 26.43200
0.00895 0.15339 0.16225 0.02971 0.40202 0.15310 0.08021 0.01036 2.00000 15.48400
0.00698 0.01819 0.19923 0.13331 0.41147 0.07823 0.00968 0.14291 2.00000 12.95700
0.14306 0.04323 0.39014 0.01061 0.00466 0.27438 0.00619 0.12773 2.00000 93.60100
0.02705 0.02517 0.01976 0.82810 0.01541 0.03436 0.02695 0.02320 2.00000 12.62600
0.00677 0.34065 0.05760 0.35784 0.01610 0.02081 0.19354 0.00669 2.00000 25.82800
0.04623 0.00603 0.19375 0.03838 0.14065 0.13266 0.41420 0.02810 2.00000 52.84000
0.40546 0.03095 0.29474 0.00995 0.15346 0.01950 0.01759 0.06835 2.00000 55.99900
0.01576 0.00357 0.02376 0.00731 0.23344 0.34329 0.36105 0.01182 2.00000 590.91000
0.33558 0.21468 0.00555 0.01383 0.17623 0.08240 0.05700 0.11472 2.00000 1102.41800
0.21342 0.00568 0.00930 0.30718 0.03241 0.22902 0.19851 0.00448 2.00000 130.28000
0.36810 0.00879 0.05112 0.01164 0.18776 0.02125 0.34562 0.00571 2.00000 2501.13200
0.03805 0.02074 0.40422 0.05950 0.02859 0.00650 0.43007 0.01233 2.00000 88.10100
0.04401 0.08496 0.00362 0.21708 0.06331 0.25170 0.10639 0.22892 2.00000 193.23200
0.03441 0.28857 0.01488 0.00812 0.31373 0.20652 0.12443 0.00934 2.00000 71.84700
0.00375 0.28163 0.04061 0.14861 0.21699 0.00312 0.11948 0.18582 2.00000 30.21000
0.10728 0.24477 0.03800 0.03470 0.02595 0.19337 0.12460 0.23133 2.00000 3077.99300
0.54573 0.02688 0.09120 0.14476 0.06999 0.05544 0.04172 0.02428 2.00000 98.51200
0.29499 0.00308 0.03010 0.23153 0.18095 0.00573 0.14996 0.10366 2.00000 61.85300
0.39973 0.04219 0.05403 0.09040 0.00567 0.15501 0.01424 0.23874 2.00000 912.47200
0.23231 0.06289 0.38363 0.00411 0.00364 0.13100 0.13171 0.05071 2.00000 1506.27300
0.11893 0.34152 0.01763 0.25093 0.00390 0.05923 0.12667 0.08119 2.00000 171.00700
0.04275 0.01672 0.06703 0.02415 0.02633 0.45132 0.33223 0.03946 2.00000 395.44000
0.00584 0.06708 0.42011 0.09847 0.00468 0.03903 0.02821 0.33658 2.00000 186.89300
0.01018 0.00709 0.47981 0.01074 0.01001 0.19393 0.00595 0.28230 2.00000 43.60800
0.06549 0.60305 0.07430 0.03221 0.03584 0.11594 0.03590 0.03725 2.00000 135.29000
0.19161 0.02432 0.22102 0.19206 0.20864 0.14097 0.00963 0.01174 2.00000 14.12100
0.10381 0.10690 0.00865 0.00897 0.01537 0.00947 0.71968 0.02715 2.00000 100000.00000
0.27393 0.08797 0.03652 0.01202 0.39178 0.00671 0.03265 0.15842 2.00000 126.77000
0.21562 0.18889 0.01411 0.03059 0.12994 0.00685 0.00909 0.40490 2.00000 261.48400
0.01203 0.00895 0.04512 0.04724 0.01360 0.01765 0.65589 0.19952 2.00000 902.87900
0.36358 0.01780 0.35127 0.00581 0.01202 0.09058 0.02492 0.13401 2.00000 685.46900
0.26473 0.08984 0.36556 0.15241 0.08104 0.01632 0.01988 0.01022 2.00000 49.76300
0.06536 0.06681 0.08736 0.55045 0.11933 0.01317 0.01249 0.08503 2.00000 11.74700
0.03109 0.02311 0.03562 0.13129 0.38758 0.19644 0.04795 0.14692 2.00000 67.02300
0.02103 0.05587 0.01845 0.23062 0.02991 0.55000 0.08438 0.00975 2.00000 61.36600
0.10366 0.01610 0.01246 0.37992 0.05419 0.17338 0.12324 0.13705 2.00000 95.00800
0.01342 0.35021 0.12616 0.04179 0.26044 0.17086 0.00824 0.02889 2.00000 17.15100
0.03945 0.34682 0.19895 0.07607 0.00874 0.01037 0.13170 0.18790 2.00000 1977.36400
0.08520 0.19912 0.03761 0.00670 0.10156 0.33476 0.02411 0.21094 2.00000 1152.05000
0.24370 0.00942 0.17268 0.19417 0.01924 0.05273 0.22579 0.08226 2.00000 82.74200
0.21440 0.29556 0.18498 0.02011 0.02346 0.18882 0.04921 0.02346 2.00000 260.84800
0.01278 0.12045 0.00976 0.31583 0.46409 0.03184 0.00585 0.03940 2.00000 10.15500
0.44508 0.02138 0.23477 0.06748 0.08946 0.02999 0.07747 0.03437 2.00000 132.46600
0.18357 0.23577 0.01972 0.00647 0.05310 0.07861 0.05777 0.36498 2.00000 100000.00000
0.37338 0.00928 0.06118 0.38884 0.04262 0.09656 0.02349 0.00466 2.00000 31.39300
0.03934 0.59534 0.15227 0.03750 0.02285 0.05841 0.06935 0.02494 2.00000 145.76600
0.00581 0.03242 0.01855 0.01421 0.15829 0.42923 0.28223 0.05925 2.00000 463.98300
0.08062 0.00333 0.02417 0.26472 0.17780 0.38077 0.06523 0.00335 2.00000 68.29200
0.09952 0.03444 0.19460 0.02772 0.25632 0.32685 0.01323 0.04733 2.00000 20.63100
0.06597 0.18398 0.31144 0.01543 0.00947 0.22892 0.03424 0.15055 2.00000 146.53200
0.26859 0.00688 0.00694 0.24230 0.00604 0.22949 0.23444 0.00531 2.00000 211.31800
0.09294 0.61384 0.05956 0.09587 0.05977 0.03098 0.01022 0.03681 2.00000 39.37400
0.21887 0.02861 0.26627 0.01979 0.38878 0.02561 0.04181 0.01025 2.00000 20.58300
0.07668 0.31727 0.15492 0.03171 0.24524 0.02444 0.07388 0.07588 2.00000 24.67600
0.01400 0.44401 0.01276 0.27915 0.04397 0.10184 0.08734 0.01693 2.00000 26.22900
0.20731 0.00577 0.33251 0.21073 0.02382 0.14196 0.02185 0.05604 2.00000 25.00600
0.00523 0.35735 0.00547 0.32462 0.20445 0.00287 0.01850 0.08151 2.00000 10.96000
0.01098 0.00392 0.05030 0.00626 0.05765 0.32777 0.01084 0.53228 2.00000 198.95700
0.03745 0.10753 0.01041 0.17996 0.50750 0.03395 0.07471 0.04848 2.00000 21.72800
0.09107 0.18846 0.07310 0.03727 0.01562 0.03355 0.41463 0.14630 2.00000 5122.79800
0.01319 0.03182 0.26305 0.01105 0.01893 0.13346 0.45194 0.07656 2.00000 148.31900
0.49043 0.04160 0.00912 0.02590 0.34614 0.01666 0.03762 0.03254 2.00000 223.23000
0.07796 0.04409 0.01269 0.01575 0.65688 0.11951 0.03086 0.04226 2.00000 94.70900
0.03880 0.29650 0.00595 0.00334 0.07442 0.02371 0.32516 0.23212 2.00000 100000.00000
0.03668 0.39064 0.02847 0.05620 0.37728 0.05445 0.02273 0.03355 2.00000 15.83800
0.01419 0.15541 0.01639 0.20370 0.40695 0.14691 0.01823 0.03821 2.00000 14.11500
0.13649 0.00577 0.18350 0.07097 0.21332 0.37520 0.00429 0.01045 2.00000 17.27500
0.02532 0.07185 0.03111 0.04733 0.04701 0.03730 0.37953 0.36055 2.00000 2010.22400
0.05676 0.61151 0.17087 0.05376 0.05177 0.01329 0.03188 0.01016 2.00000 32.30800
0.02310 0.00511 0.10378 0.05069 0.66961 0.13767 0.00544 0.00460 2.00000 9.58400
0.00863 0.00725 0.04625 0.02954 0.02853 0.02870 0.61273 0.23838 2.00000 764.69300
0.00866 0.08080 0.54439 0.07431 0.03137 0.04502 0.01991 0.19554 2.00000 38.92900
0.00432 0.14696 0.08940 0.00382 0.19724 0.36323 0.03894 0.15609 2.00000 49.73900
0.12740 0.00608 0.00364 0.41113 0.38161 0.01377 0.02634 0.03004 2.00000 27.09700
0.01243 0.02496 0.01439 0.50135 0.24656 0.00372 0.12408 0.07250 2.00000 43.48600
0.41405 0.52896 0.02041 0.00377 0.00779 0.00458 0.01669 0.00375 2.00000 5053.08800
0.34809 0.00593 0.25417 0.01253 0.01345 0.05552 0.28817 0.02213 2.00000 3844.07900
0.04105 0.00656 0.15497 0.04551 0.13667 0.09665 0.50804 0.01055 2.00000 77.78000
0.02578 0.03322 0.22265 0.05218 0.07332 0.00648 0.43440 0.15198 2.00000 122.22900
0.15592 0.15898 0.06044 0.03813 0.28224 0.10547 0.13400 0.06482 2.00000 84.61400
0.29704 0.00777 0.02982 0.05169 0.10472 0.08374 0.00327 0.42194 2.00000 1388.87300
0.17222 0.16106 0.00717 0.01729 0.32953 0.02946 0.12716 0.15610 2.00000 408.90000
0.03209 0.06677 0.20516 0.19647 0.27012 0.06965 0.09420 0.06554 2.00000 13.72300
0.12988 0.03438 0.07365 0.07311 0.06435 0.11818 0.13424 0.37221 2.00000 561.15700
0.01669 0.01542 0.03586 0.01008 0.10602 0.71687 0.03724 0.06182 2.00000 72.14100
0.36767 0.01493 0.02120 0.03289 0.49292 0.02169 0.03564 0.01307 2.00000 135.77900
0.05858 0.07644 0.25587 0.38245 0.12020 0.06947 0.03339 0.00360 2.00000 9.49600
0.03983 0.59752 0.04869 0.02704 0.19807 0.05075 0.01104 0.02707 2.00000 17.64000
0.08729 0.00724 0.15240 0.01768 0.02702 0.28199 0.31870 0.10769 2.00000 383.02000
0.04319 0.03259 0.64435 0.07612 0.07662 0.01092 0.00904 0.10717 2.00000 22.33400
0.07160 0.30926 0.14869 0.32803 0.01314 0.10492 0.00973 0.01463 2.00000 22.77600
0.27515 0.11980 0.03605 0.34349 0.11016 0.06147 0.00699 0.04688 2.00000 27.59900
0.48629 0.25715 0.00578 0.04246 0.00385 0.00598 0.00807 0.19043 2.00000 5866.77100
0.03613 0.03514 0.44504 0.07262 0.06579 0.30494 0.03562 0.00471 2.00000 12.71600
0.12517 0.00630 0.04419 0.03644 0.05185 0.24050 0.19826 0.29729 2.00000 2529.88100
0.01686 0.00657 0.34735 0.00825 0.18464 0.01019 0.01820 0.40794 2.00000 35.20600
0.00476 0.00465 0.26422 0.40295 0.29026 0.01082 0.01649 0.00586 2.00000 6.16800
0.04572 0.21390 0.00787 0.46307 0.00662 0.01593 0.21707 0.02982 2.00000 34.60700
0.03067 0.34161 0.03351 0.02362 0.01970 0.26039 0.17342 0.11709 2.00000 3352.05000
0.00372 0.04726 0.10208 0.05295 0.01276 0.18539 0.42257 0.17328 2.00000 281.56700
0.75171 0.00729 0.02501 0.10729 0.03762 0.01172 0.02593 0.03343 2.00000 436.17500
0.02363 0.02624 0.68204 0.01145 0.14202 0.05284 0.03108 0.03070 2.00000 13.25700
0.07365 0.06762 0.00725 0.26835 0.00870 0.15853 0.05985 0.35605 2.00000 230.07400
0.12656 0.39365 0.29688 0.01141 0.00485 0.03451 0.07372 0.05841 2.00000 4350.96400
0.24156 0.11258 0.04418 0.07794 0.27625 0.01012 0.12521 0.11216 2.00000 78.18100
0.01065 0.19065 0.00693 0.00982 0.01939 0.26277 0.15985 0.33994 2.00000 100000.00000
0.15011 0.15478 0.00401 0.01122 0.23470 0.01302 0.25850 0.17368 2.00000 2941.34300
0.05559 0.02712 0.00786 0.13933 0.31538 0.30589 0.07014 0.07869 2.00000 237.12500
0.01190 0.18813 0.45815 0.11179 0.04380 0.00845 0.02433 0.15345 2.00000 42.64700
0.02001 0.00733 0.42213 0.06063 0.00654 0.44792 0.02704 0.00841 2.00000 11.74700
0.15519 0.07155 0.12301 0.03126 0.11179 0.11583 0.28960 0.10177 2.00000 345.38100
0.02581 0.10082 0.56686 0.02673 0.03852 0.11319 0.03494 0.09312 2.00000 28.18500
0.02078 0.12209 0.53185 0.05450 0.04783 0.14799 0.02066 0.05429 2.00000 17.27000
0.04084 0.14052 0.16031 0.20806 0.01164 0.26280 0.15386 0.02196 2.00000 25.99100
0.05554 0.20713 0.00415 0.02524 0.02447 0.56235 0.11451 0.00662 2.00000 3388.88200
0.00524 0.07733 0.32565 0.42917 0.01284 0.13339 0.01058 0.00581 2.00000 8.54500
0.06633 0.00770 0.01392 0.06252 0.01577 0.30165 0.23853 0.29358 2.00000 4147.79700
0.00864 0.01004 0.01154 0.06779 0.06626 0.03135 0.33612 0.46825 2.00000 1558.27600
0.01504 0.05202 0.04873 0.51200 0.00781 0.11631 0.18678 0.06132 2.00000 29.25200
0.34040 0.11543 0.02289 0.04152 0.13987 0.08131 0.02064 0.23794 2.00000 569.39400
0.17597 0.34162 0.03260 0.02474 0.03596 0.36621 0.01252 0.01038 2.00000 388.01100
0.06183 0.00391 0.05198 0.41109 0.00433 0.41460 0.04366 0.00860 2.00000 19.99600
0.05530 0.38064 0.09891 0.37710 0.04967 0.01203 0.01121 0.01513 2.00000 18.54500
0.01818 0.00706 0.43111 0.23180 0.03478 0.03067 0.02595 0.22044 2.00000 31.09100
0.02670 0.00602 0.40977 0.03072 0.16912 0.34076 0.01267 0.00424 2.00000 10.46800
0.08699 0.28412 0.36871 0.02028 0.00383 0.17671 0.00844 0.05092 2.00000 70.88800
0.12837 0.00635 0.44664 0.04680 0.09908 0.01636 0.18193 0.07446 2.00000 60.29600
0.15283 0.07186 0.25294 0.21918 0.16089 0.07841 0.03832 0.02557 2.00000 15.12300
0.44448 0.03980 0.00402 0.08089 0.14535 0.03741 0.10599 0.14208 2.00000 542.82600
0.00839 0.00413 0.09320 0.06000 0.02049 0.26604 0.48918 0.05857 2.00000 149.93000
0.05535 0.18175 0.12037 0.10569 0.02187 0.32032 0.13557 0.05907 2.00000 64.62900
0.01986 0.02803 0.08624 0.01074 0.00782 0.41116 0.23640 0.19976 2.00000 721.80600
0.00655 0.08038 0.14199 0.01615 0.00560 0.72749 0.01432 0.00752 2.00000 26.63100
0.01651 0.12643 0.31539 0.10346 0.09131 0.09139 0.20238 0.05314 2.00000 27.75900
0.02367 0.12811 0.01599 0.03714 0.32614 0.29550 0.02315 0.15030 2.00000 73.34900
0.04623 0.48880 0.08943 0.01642 0.02569 0.01533 0.30760 0.01049 2.00000 4024.89300
0.06383 0.06861 0.14789 0.22831 0.02799 0.01050 0.36133 0.09155 2.00000 54.01700
0.18458 0.27032 0.15915 0.00731 0.09204 0.00657 0.00970 0.27032 2.00000 108.25600
0.17954 0.02351 0.25685 0.01414 0.12114 0.12132 0.00300 0.28050 2.00000 85.90600
0.00369 0.17257 0.01057 0.25781 0.11616 0.18328 0.23606 0.01986 2.00000 36.71700
0.90000 0.01429 0.01429 0.01429 0.01429 0.01429 0.01429 0.01429 3.00000 100000.00000
0.01429 0.90000 0.01429 0.01429 0.01429 0.01429 0.01429 0.01429 3.00000 151.99600
0.01429 0.01429 0.90000 0.01429 0.01429 0.01429 0.01429 0.01429 3.00000 27.34600
0.01429 0.01429 0.01429 0.90000 0.01429 0.01429 0.01429 0.01429 3.00000 10.56500
0.01429 0.01429 0.01429 0.01429 0.90000 0.01429 0.01429 0.01429 3.00000 27.04200
0.01429 0.01429 0.01429 0.01429 0.01429 0.90000 0.01429 0.01429 3.00000 141.28800
0.01429 0.01429 0.01429 0.01429 0.01429 0.01429 0.90000 0.01429 3.00000 100000.00000
0.01429 0.01429 0.01429 0.01429 0.01429 0.01429 0.01429 0.90000 3.00000 100000.00000
0.10225 0.01241 0.03232 0.17815 0.33136 0.02518 0.30230 0.01603 3.00000 311.60100
0.02616 0.06843 0.25537 0.02287 0.00585 0.10236 0.33193 0.18703 3.00000 1165.95500
0.14444 0.15814 0.34001 0.16843 0.01707 0.03142 0.12273 0.01776 3.00000 142.44100
0.04490 0.26647 0.01071 0.05982 0.48070 0.02115 0.08638 0.02987 3.00000 22.82300
0.00437 0.33000 0.00757 0.28651 0.08210 0.18580 0.10097 0.00270 3.00000 22.33600
0.32307 0.02431 0.07456 0.00537 0.29260 0.02508 0.23831 0.01671 3.00000 816.14000
0.00690 0.20012 0.46998 0.08355 0.07026 0.08245 0.05182 0.03492 3.00000 17.69300
0.01528 0.02449 0.01523 0.14768 0.27040 0.31245 0.01218 0.20230 3.00000 143.50700
0.12503 0.05505 0.01878 0.03545 0.28559 0.13715 0.04086 0.30209 3.00000 1063.05800
0.47799 0.30339 0.01754 0.02327 0.03499 0.08113 0.01900 0.04271 3.00000 5095.89100
0.18388 0.61987 0.00731 0.01663 0.05386 0.09854 0.01405 0.00586 3.00000 391.22400
0.04762 0.19433 0.01982 0.41186 0.07544 0.00545 0.02367 0.22181 3.00000 36.05700
0.01808 0.03675 0.06062 0.10319 0.27523 0.00948 0.39958 0.09706 3.00000 188.06800
0.01661 0.03669 0.37017 0.22779 0.04302 0.01273 0.01249 0.28050 3.00000 52.15900
0.00874 0.03005 0.03154 0.10383 0.00869 0.27309 0.10892 0.43514 3.00000 739.23300
0.00928 0.03299 0.01051 0.01139 0.09563 0.46629 0.31223 0.06168 3.00000 5991.69100
0.02146 0.01495 0.34616 0.02286 0.00686 0.11824 0.07676 0.39270 3.00000 384.03700
0.05827 0.02213 0.01398 0.02646 0.82399 0.02639 0.01626 0.01253 3.00000 42.84100
0.00402 0.05487 0.01126 0.01470 0.09399 0.09930 0.27800 0.44385 3.00000 7350.75000
0.25414 0.00246 0.08563 0.03697 0.00564 0.32900 0.03810 0.24805 3.00000 3373.46100
0.09749 0.03754 0.11380 0.04953 0.42420 0.00352 0.24055 0.03337 3.00000 56.81000
0.00534 0.02067 0.34851 0.02189 0.12222 0.43082 0.00405 0.04650 3.00000 12.25500
0.00973 0.03577 0.07525 0.02175 0.40190 0.31676 0.13128 0.00754 3.00000 34.31300
0.34311 0.02899 0.41254 0.12879 0.01204 0.00979 0.01403 0.05071 3.00000 1946.96700
0.01169 0.00899 0.00878 0.11610 0.19183 0.21126 0.19206 0.25927 3.00000 3248.93500
0.20579 0.04710 0.00709 0.16042 0.00906 0.00693 0.06680 0.49681 3.00000 1407.25600
0.12899 0.01412 0.00611 0.46847 0.10849 0.03229 0.12590 0.11564 3.00000 45.87200
0.02610 0.49306 0.01623 0.01373 0.00905 0.05734 0.00835 0.37613 3.00000 13561.18600
0.02141 0.30459 0.34317 0.00488 0.00794 0.01452 0.12786 0.17561 3.00000 100000.00000
0.01626 0.15883 0.30506 0.22782 0.18507 0.01950 0.05010 0.03735 3.00000 10.94100
0.04448 0.09016 0.07177 0.15324 0.33948 0.03603 0.02957 0.23527 3.00000 29.13600
0.09457 0.04875 0.55613 0.00628 0.01045 0.02230 0.00588 0.25563 3.00000 965.52600
0.24653 0.05435 0.22285 0.07966 0.02164 0.04978 0.30506 0.02012 3.00000 349.22000
0.01681 0.00495 0.01854 0.00505 0.13551 0.38213 0.06623 0.37079 3.00000 2725.64100
0.07427 0.00521 0.18296 0.15859 0.17529 0.03177 0.28641 0.08550 3.00000 42.20600
0.37989 0.33010 0.06286 0.00390 0.01047 0.13477 0.02604 0.05198 3.00000 100000.00000
0.13243 0.19412 0.00588 0.04126 0.08019 0.10248 0.01808 0.42557 3.00000 2586.07600
0.25926 0.11677 0.01007 0.03958 0.38381 0.02147 0.00504 0.16401 3.00000 87.87600
0.01946 0.50049 0.03825 0.05884 0.06380 0.05565 0.24955 0.01395 3.00000 198.77500
0.00370 0.15504 0.02808 0.31124 0.09783 0.32776 0.00736 0.06899 3.00000 21.19000
0.01870 0.21057 0.09515 0.01343 0.44006 0.00999 0.02033 0.19177 3.00000 24.47400
0.21834 0.23938 0.18027 0.01168 0.00468 0.26528 0.00754 0.07283 3.00000 534.19400
0.03697 0.01043 0.10972 0.01683 0.07982 0.46878 0.05107 0.22637 3.00000 97.79300
0.12148 0.05459 0.28914 0.00533 0.43097 0.06524 0.00291 0.03033 3.00000 17.17900
0.13157 0.01625 0.11207 0.02326 0.03407 0.04287 0.62138 0.01853 3.00000 2937.93400
0.27953 0.01422 0.35850 0.01564 0.01050 0.30952 0.00788 0.00423 3.00000 63.62500
0.00662 0.00727 0.03327 0.15879 0.30026 0.01652 0.36382 0.11344 3.00000 749.66100
0.04020 0.05272 0.01510 0.01886 0.56370 0.24797 0.02646 0.03499 3.00000 57.21100
0.12151 0.11614 0.10179 0.00888 0.10427 0.05388 0.45380 0.03972 3.00000 2059.13600
0.03891 0.02489 0.03881 0.19326 0.48756 0.08815 0.02443 0.10399 3.00000 30.79400
0.02270 0.06992 0.00315 0.22316 0.04419 0.20453 0.14000 0.29236 3.00000 306.66300
0.00677 0.39442 0.03339 0.16655 0.03212 0.05512 0.04315 0.26849 3.00000 161.65900
0.03778 0.03293 0.00826 0.01797 0.01566 0.11590 0.75956 0.01193 3.00000 100000.00000
0.02889 0.05286 0.14090 0.16352 0.42167 0.03435 0.03924 0.11857 3.00000 15.35700
0.02351 0.52463 0.06502 0.01502 0.04875 0.03867 0.21391 0.07049 3.00000 2873.14800
0.38670 0.10344 0.00358 0.31843 0.00735 0.06647 0.00453 0.10950 3.00000 149.09700
0.03865 0.08123 0.10618 0.16099 0.03415 0.28322 0.03404 0.26154 3.00000 62.87100
0.00546 0.09754 0.04966 0.06522 0.19142 0.26389 0.00424 0.32257 3.00000 91.65500
0.24903 0.06888 0.00730 0.13674 0.31566 0.08199 0.04626 0.09416 3.00000 73.62800
0.00519 0.00496 0.38035 0.49441 0.02122 0.00796 0.06664 0.01927 3.00000 10.40600
0.14628 0.43043 0.12542 0.03951 0.07808 0.01224 0.04768 0.12036 3.00000 150.10600
0.38511 0.01075 0.09348 0.00875 0.12925 0.01494 0.11329 0.24442 3.00000 2605.38500
0.00488 0.01901 0.20210 0.01120 0.11590 0.00991 0.20128 0.43572 3.00000 208.97100
0.03844 0.00840 0.10259 0.40803 0.07403 0.09750 0.09258 0.17843 3.00000 25.25300
0.20944 0.16709 0.24051 0.12807 0.00588 0.02930 0.19459 0.02511 3.00000 527.61000
0.22208 0.00814 0.12297 0.02512 0.13685 0.01020 0.10583 0.36881 3.00000 740.24700
0.44594 0.05311 0.25569 0.00651 0.03202 0.01003 0.16947 0.02724 3.00000 12267.13800
0.00611 0.01796 0.06135 0.19189 0.00777 0.07312 0.08224 0.55957 3.00000 243.73900
0.08534 0.01284 0.03835 0.25159 0.17402 0.00923 0.30226 0.12637 3.00000 173.90800
0.30979 0.10115 0.01168 0.02275 0.00398 0.00693 0.26968 0.27406 3.00000 100000.00000
0.30841 0.07289 0.24282 0.16254 0.00778 0.01795 0.18276 0.00486 3.00000 414.70500
0.03275 0.14167 0.02242 0.19398 0.49197 0.01201 0.00578 0.09941 3.00000 13.94200
0.35574 0.23094 0.11820 0.01519 0.03085 0.15642 0.05855 0.03411 3.00000 1830.10800
0.12613 0.03831 0.02092 0.13565 0.45229 0.01837 0.00531 0.20301 3.00000 68.11800
0.23677 0.14224 0.17210 0.07416 0.01461 0.00288 0.12505 0.23220 3.00000 6448.52500
0.23651 0.08181 0.35803 0.10793 0.00477 0.08198 0.08535 0.04363 3.00000 177.65500
0.15797 0.23751 0.01697 0.03383 0.07093 0.43405 0.03533 0.01340 3.00000 439.88700
0.19836 0.65067 0.05199 0.03545 0.00795 0.02661 0.00725 0.02172 3.00000 3033.74600
0.05012 0.41776 0.01782 0.14882 0.00558 0.04657 0.30197 0.01136 3.00000 366.82700
0.00849 0.01376 0.00967 0.00495 0.67715 0.25472 0.02025 0.01100 3.00000 52.59400
0.07968 0.00648 0.35526 0.19640 0.01157 0.00355 0.33052 0.01653 3.00000 52.82700
0.23171 0.44851 0.00363 0.05715 0.01647 0.22999 0.00882 0.00372 3.00000 681.15800
0.43512 0.00729 0.14780 0.16686 0.11965 0.05519 0.06373 0.00436 3.00000 50.90100
0.07147 0.18780 0.03537 0.02868 0.39569 0.03006 0.24524 0.00570 3.00000 64.02900
0.01057 0.26050 0.00848 0.36929 0.01427 0.00671 0.06915 0.26103 3.00000 155.32600
0.25572 0.04010 0.01491 0.16368 0.01019 0.44239 0.00856 0.06445 3.00000 245.84500
0.00935 0.04768 0.13312 0.01980 0.08243 0.50679 0.11646 0.08437 3.00000 42.19700
0.02346 0.01731 0.25965 0.01427 0.04282 0.05178 0.58194 0.00877 3.00000 121.32500
0.01650 0.25988 0.03798 0.11208 0.05295 0.02317 0.02900 0.46844 3.00000 281.05900
0.06447 0.09144 0.49709 0.16690 0.06037 0.01062 0.01098 0.09813 3.00000 36.33400
0.01281 0.03562 0.11645 0.15642 0.06536 0.14092 0.41733 0.05510 3.00000 91.57700
0.29710 0.17247 0.12795 0.11680 0.24074 0.01134 0.02490 0.00871 3.00000 26.26300
0.11212 0.02225 0.01358 0.46125 0.33823 0.02474 0.01917 0.00867 3.00000 11.89000
0.02031 0.21158 0.15898 0.41581 0.11327 0.04015 0.02278 0.01712 3.00000 9.70300
0.21941 0.05683 0.22208 0.06279 0.03201 0.28692 0.06378 0.05618 3.00000 79.26700
0.06160 0.03626 0.11487 0.64246 0.02839 0.04806 0.01762 0.05074 3.00000 12.59300
0.18792 0.00891 0.03621 0.00463 0.23539 0.00267 0.32682 0.19745 3.00000 100000.00000
0.07673 0.02587 0.01680 0.07010 0.03500 0.26368 0.09461 0.41721 3.00000 4026.31700
0.30843 0.05376 0.00315 0.26521 0.00535 0.00662 0.34343 0.01405 3.00000 122.70100
0.47019 0.00890 0.00680 0.25539 0.04557 0.01082 0.10446 0.09786 3.00000 125.11400
0.15651 0.18497 0.01008 0.01509 0.05278 0.05846 0.47116 0.05095 3.00000 100000.00000
0.01663 0.37942 0.03971 0.00775 0.02234 0.05409 0.40164 0.07841 3.00000 100000.00000
0.04460 0.16210 0.02837 0.16848 0.12262 0.09236 0.09761 0.28385 3.00000 93.74000
0.03922 0.01096 0.17592 0.53100 0.01205 0.05150 0.06563 0.11373 3.00000 15.31700
0.00547 0.18010 0.15142 0.02036 0.07859 0.49240 0.02897 0.04268 3.00000 32.63600
0.04284 0.33532 0.01698 0.09659 0.00696 0.00441 0.02108 0.47582 3.00000 5947.81600
0.40036 0.16122 0.02382 0.30020 0.00984 0.07062 0.02587 0.00807 3.00000 141.95500
0.11341 0.40829 0.01200 0.00829 0.18383 0.04321 0.20526 0.02571 3.00000 643.53500
0.05896 0.01546 0.19270 0.39989 0.30811 0.01686 0.00351 0.00450 3.00000 7.22200
0.24061 0.14254 0.05348 0.02884 0.18177 0.02838 0.29718 0.02719 3.00000 581.29700
0.41094 0.12941 0.00767 0.00463 0.00485 0.23742 0.18803 0.01704 3.00000 100000.00000
0.10624 0.02240 0.00600 0.03503 0.10195 0.48120 0.04213 0.20506 3.00000 100000.00000
0.52692 0.03602 0.01349 0.17239 0.00759 0.02560 0.00424 0.21376 3.00000 1153.97100
0.01617 0.03544 0.09350 0.42010 0.01564 0.04053 0.03530 0.34331 3.00000 43.22400
0.16662 0.34357 0.04135 0.01130 0.02281 0.06831 0.00690 0.33914 3.00000 7075.51200
0.00308 0.37517 0.09475 0.01044 0.35895 0.04342 0.02930 0.08491 3.00000 19.13200
0.16613 0.34277 0.23075 0.01888 0.09678 0.06932 0.05686 0.01850 3.00000 63.03100
0.03612 0.11215 0.01458 0.01205 0.13854 0.04321 0.40367 0.23968 3.00000 8490.63000
0.09948 0.07093 0.01056 0.00697 0.46728 0.00636 0.31295 0.02546 3.00000 1466.47500
0.00717 0.04843 0.00667 0.24766 0.52123 0.00988 0.01144 0.14750 3.00000 24.60700
0.40607 0.11021 0.03523 0.01323 0.03954 0.06957 0.28304 0.04312 3.00000 100000.00000
0.00893 0.02900 0.00439 0.21172 0.00792 0.43401 0.20816 0.09587 3.00000 950.03700
0.44800 0.03640 0.00946 0.02548 0.01058 0.44689 0.00606 0.01713 3.00000 100000.00000
0.01079 0.12356 0.25184 0.38295 0.03951 0.00616 0.00568 0.17951 3.00000 33.76000
0.00284 0.09978 0.28159 0.35594 0.03313 0.06108 0.15205 0.01358 3.00000 13.52800
0.01430 0.02581 0.32534 0.27604 0.14544 0.18258 0.02301 0.00747 3.00000 8.44600
0.39936 0.00501 0.34702 0.02292 0.14187 0.01019 0.03335 0.04028 3.00000 89.71400
0.24682 0.12850 0.00720 0.02009 0.30096 0.07903 0.13351 0.08388 3.00000 773.48700
0.04826 0.22423 0.02178 0.18784 0.00497 0.16204 0.04947 0.30143 3.00000 284.09900
0.18119 0.26961 0.13935 0.01216 0.00363 0.00847 0.09153 0.29405 3.00000 100000.00000
0.01571 0.01635 0.04311 0.39617 0.41127 0.01410 0.01282 0.09047 3.00000 15.03600
0.03203 0.48369 0.08287 0.21983 0.06374 0.00498 0.09665 0.01620 3.00000 27.64300
0.03737 0.00741 0.01665 0.11226 0.09239 0.70149 0.01304 0.01941 3.00000 82.35000
0.02124 0.04015 0.32778 0.13885 0.03298 0.02207 0.04766 0.36926 3.00000 162.60400
0.35512 0.00519 0.09398 0.15957 0.08161 0.23955 0.05726 0.00771 3.00000 57.78200
0.00845 0.21258 0.01579 0.02955 0.04419 0.36857 0.31222 0.00865 3.00000 1312.85500
0.12061 0.10053 0.33381 0.30142 0.08856 0.00595 0.00887 0.04026 3.00000 26.82700
0.34174 0.00803 0.00374 0.02284 0.35234 0.04125 0.05036 0.17970 3.00000 100000.00000
0.09874 0.00455 0.17715 0.05281 0.07874 0.08369 0.48291 0.02141 3.00000 165.61300
0.38718 0.00962 0.06549 0.00843 0.21442 0.25606 0.01513 0.04367 3.00000 947.25700
0.02805 0.53292 0.18685 0.03093 0.03002 0.04456 0.03264 0.11402 3.00000 169.45700
0.00730 0.53381 0.09874 0.05842 0.18613 0.02331 0.08156 0.01073 3.00000 18.14300
0.29904 0.16763 0.03262 0.07938 0.08641 0.11642 0.21123 0.00727 3.00000 405.10400
0.45833 0.01069 0.12867 0.11261 0.06948 0.01088 0.08308 0.12626 3.00000 370.30400
0.12405 0.25868 0.00269 0.06501 0.05766 0.25138 0.02601 0.21453 3.00000 971.53700
0.23773 0.07014 0.29818 0.19487 0.01450 0.06207 0.06141 0.06110 3.00000 108.93900
0.14126 0.31562 0.43815 0.00448 0.00617 0.00398 0.08142 0.00892 3.00000 100000.00000
0.03020 0.02205 0.16542 0.18786 0.48397 0.01826 0.05052 0.04172 3.00000 11.13100
0.10225 0.02993 0.07706 0.33851 0.00843 0.01308 0.01639 0.41435 3.00000 310.22500
0.05116 0.09211 0.08764 0.01623 0.01335 0.11845 0.27937 0.34168 3.00000 100000.00000
0.00360 0.02353 0.12642 0.25168 0.08246 0.04971 0.44569 0.01690 3.00000 61.24700
0.03879 0.20419 0.08071 0.23033 0.09535 0.18659 0.09494 0.06912 3.00000 26.91300
0.00895 0.15339 0.16225 0.02971 0.40202 0.15310 0.08021 0.01036 3.00000 16.46400
0.00698 0.01819 0.19923 0.13331 0.41147 0.07823 0.00968 0.14291 3.00000 13.86900
0.14306 0.04323 0.39014 0.01061 0.00466 0.27438 0.00619 0.12773 3.00000 107.50900
0.02705 0.02517 0.01976 0.82810 0.01541 0.03436 0.02695 0.02320 3.00000 12.27500
0.00677 0.34065 0.05760 0.35784 0.01610 0.02081 0.19354 0.00669 3.00000 25.49200
0.04623 0.00603 0.19375 0.03838 0.14065 0.13266 0.41420 0.02810 3.00000 67.46900
0.40546 0.03095 0.29474 0.00995 0.15346 0.01950 0.01759 0.06835 3.00000 85.97400
0.01576 0.00357 0.02376 0.00731 0.23344 0.34329 0.36105 0.01182 3.00000 2535.69800
0.33558 0.21468 0.00555 0.01383 0.17623 0.08240 0.05700 0.11472 3.00000 1852.88000
0.21342 0.00568 0.00930 0.30718 0.03241 0.22902 0.19851 0.00448 3.00000 148.33600
0.36810 0.00879 0.05112 0.01164 0.18776 0.02125 0.34562 0.00571 3.00000 5550.66800
0.03805 0.02074 0.40422 0.05950 0.02859 0.00650 0.43007 0.01233 3.00000 92.94100
0.04401 0.08496 0.00362 0.21708 0.06331 0.25170 0.10639 0.22892 3.00000 200.87800
0.03441 0.28857 0.01488 0.00812 0.31373 0.20652 0.12443 0.00934 3.00000 75.45100
0.00375 0.28163 0.04061 0.14861 0.21699 0.00312 0.11948 0.18582 3.00000 32.41600
0.10728 0.24477 0.03800 0.03470 0.02595 0.19337 0.12460 0.23133 3.00000 5412.16500
0.54573 0.02688 0.09120 0.14476 0.06999 0.05544 0.04172 0.02428 3.00000 123.93700
0.29499 0.00308 0.03010 0.23153 0.18095 0.00573 0.14996 0.10366 3.00000 70.06600
0.39973 0.04219 0.05403 0.09040 0.00567 0.15501 0.01424 0.23874 3.00000 1278.77000
0.23231 0.06289 0.38363 0.00411 0.00364 0.13100 0.13171 0.05071 3.00000 2012.01000
0.11893 0.34152 0.01763 0.25093 0.00390 0.05923 0.12667 0.08119 3.00000 169.78100
0.04275 0.01672 0.06703 0.02415 0.02633 0.45132 0.33223 0.03946 3.00000 779.99900
0.00584 0.06708 0.42011 0.09847 0.00468 0.03903 0.02821 0.33658 3.00000 238.10300
0.01018 0.00709 0.47981 0.01074 0.01001 0.19393 0.00595 0.28230 3.00000 48.66100
0.06549 0.60305 0.07430 0.03221 0.03584 0.11594 0.03590 0.03725 3.00000 161.80700
0.19161 0.02432 0.22102 0.19206 0.20864 0.14097 0.00963 0.01174 3.00000 15.08700
0.10381 0.10690 0.00865 0.00897 0.01537 0.00947 0.71968 0.02715 3.00000 100000.00000
0.27393 0.08797 0.03652 0.01202 0.39178 0.00671 0.03265 0.15842 3.00000 149.61900
0.21562 0.18889 0.01411 0.03059 0.12994 0.00685 0.00909 0.40490 3.00000 394.15000
0.01203 0.00895 0.04512 0.04724 0.01360 0.01765 0.65589 0.19952 3.00000 2416.73500
0.36358 0.01780 0.35127 0.00581 0.01202 0.09058 0.02492 0.13401 3.00000 1298.33200
0.26473 0.08984 0.36556 0.15241 0.08104 0.01632 0.01988 0.01022 3.00000 71.13200
0.06536 0.06681 0.08736 0.55045 0.11933 0.01317 0.01249 0.08503 3.00000 12.10800
0.03109 0.02311 0.03562 0.13129 0.38758 0.19644 0.04795 0.14692 3.00000 87.46700
0.02103 0.05587 0.01845 0.23062 0.02991 0.55000 0.08438 0.00975 3.00000 64.04600
0.10366 0.01610 0.01246 0.37992 0.05419 0.17338 0.12324 0.13705 3.00000 105.61100
0.01342 0.35021 0.12616 0.04179 0.26044 0.17086 0.00824 0.02889 3.00000 17.91400
0.03945 0.34682 0.19895 0.07607 0.00874 0.01037 0.13170 0.18790 3.00000 3519.22300
0.08520 0.19912 0.03761 0.00670 0.10156 0.33476 0.02411 0.21094 3.00000 1999.75200
0.24370 0.00942 0.17268 0.19417 0.01924 0.05273 0.22579 0.08226 3.00000 93.20700
0.21440 0.29556 0.18498 0.02011 0.02346 0.18882 0.04921 0.02346 3.00000 334.85600
0.01278 0.12045 0.00976 0.31583 0.46409 0.03184 0.00585 0.03940 3.00000 10.29800
0.44508 0.02138 0.23477 0.06748 0.08946 0.02999 0.07747 0.03437 3.00000 192.04300
0.18357 0.23577 0.01972 0.00647 0.05310 0.07861 0.05777 0.36498 3.00000 100000.00000
0.37338 0.00928 0.06118 0.38884 0.04262 0.09656 0.02349 0.00466 3.00000 31.41900
0.03934 0.59534 0.15227 0.03750 0.02285 0.05841 0.06935 0.02494 3.00000 190.02800
0.00581 0.03242 0.01855 0.01421 0.15829 0.42923 0.28223 0.05925 3.00000 1567.68300
0.08062 0.00333 0.02417 0.26472 0.17780 0.38077 0.06523 0.00335 3.00000 82.44100
0.09952 0.03444 0.19460 0.02772 0.25632 0.32685 0.01323 0.04733 3.00000 22.24000
0.06597 0.18398 0.31144 0.01543 0.00947 0.22892 0.03424 0.15055 3.00000 175.87000
0.26859 0.00688 0.00694 0.24230 0.00604 0.22949 0.23444 0.00531 3.00000 243.12600
0.09294 0.61384 0.05956 0.09587 0.05977 0.03098 0.01022 0.03681 3.00000 50.78000
0.21887 0.02861 0.26627 0.01979 0.38878 0.02561 0.04181 0.01025 3.00000 22.36400
0.07668 0.31727 0.15492 0.03171 0.24524 0.02444 0.07388 0.07588 3.00000 26.28000
0.01400 0.44401 0.01276 0.27915 0.04397 0.10184 0.08734 0.01693 3.00000 26.83000
0.20731 0.00577 0.33251 0.21073 0.02382 0.14196 0.02185 0.05604 3.00000 26.57500
0.00523 0.35735 0.00547 0.32462 0.20445 0.00287 0.01850 0.08151 3.00000 11.21300
0.01098 0.00392 0.05030 0.00626 0.05765 0.32777 0.01084 0.53228 3.00000 419.55200
0.03745 0.10753 0.01041 0.17996 0.50750 0.03395 0.07471 0.04848 3.00000 23.01200
0.09107 0.18846 0.07310 0.03727 0.01562 0.03355 0.41463 0.14630 3.00000 9886.72100
0.01319 0.03182 0.26305 0.01105 0.01893 0.13346 0.45194 0.07656 3.00000 193.49200
0.49043 0.04160 0.00912 0.02590 0.34614 0.01666 0.03762 0.03254 3.00000 273.93000
0.07796 0.04409 0.01269 0.01575 0.65688 0.11951 0.03086 0.04226 3.00000 108.09900
0.03880 0.29650 0.00595 0.00334 0.07442 0.02371 0.32516 0.23212 3.00000 100000.00000
0.03668 0.39064 0.02847 0.05620 0.37728 0.05445 0.02273 0.03355 3.00000 16.32500
0.01419 0.15541 0.01639 0.20370 0.40695 0.14691 0.01823 0.03821 3.00000 14.39300
0.13649 0.00577 0.18350 0.07097 0.21332 0.37520 0.00429 0.01045 3.00000 18.65600
0.02532 0.07185 0.03111 0.04733 0.04701 0.03730 0.37953 0.36055 3.00000 4047.86900
0.05676 0.61151 0.17087 0.05376 0.05177 0.01329 0.03188 0.01016 3.00000 39.73800
0.02310 0.00511 0.10378 0.05069 0.66961 0.13767 0.00544 0.00460 3.00000 10.07500
0.00863 0.00725 0.04625 0.02954 0.02853 0.02870 0.61273 0.23838 3.00000 2752.44200
0.00866 0.08080 0.54439 0.07431 0.03137 0.04502 0.01991 0.19554 3.00000 47.94400
0.00432 0.14696 0.08940 0.00382 0.19724 0.36323 0.03894 0.15609 3.00000 58.54700
0.12740 0.00608 0.00364 0.41113 0.38161 0.01377 0.02634 0.03004 3.00000 28.91700
0.01243 0.02496 0.01439 0.50135 0.24656 0.00372 0.12408 0.07250 3.00000 50.93800
0.41405 0.52896 0.02041 0.00377 0.00779 0.00458 0.01669 0.00375 3.00000 100000.00000
0.34809 0.00593 0.25417 0.01253 0.01345 0.05552 0.28817 0.02213 3.00000 6753.29500
0.04105 0.00656 0.15497 0.04551 0.13667 0.09665 0.50804 0.01055 3.00000 129.44600
0.02578 0.03322 0.22265 0.05218 0.07332 0.00648 0.43440 0.15198 3.00000 167.21100
0.15592 0.15898 0.06044 0.03813 0.28224 0.10547 0.13400 0.06482 3.00000 94.14300
0.29704 0.00777 0.02982 0.05169 0.10472 0.08374 0.00327 0.42194 3.00000 2500.64300
0.17222 0.16106 0.00717 0.01729 0.32953 0.02946 0.12716 0.15610 3.00000 517.83600
0.03209 0.06677 0.20516 0.19647 0.27012 0.06965 0.09420 0.06554 3.00000 14.46400
0.12988 0.03438 0.07365 0.07311 0.06435 0.11818 0.13424 0.37221 3.00000 821.59800
0.01669 0.01542 0.03586 0.01008 0.10602 0.71687 0.03724 0.06182 3.00000 97.54600
0.36767 0.01493 0.02120 0.03289 0.49292 0.02169 0.03564 0.01307 3.00000 148.80300
0.05858 0.07644 0.25587 0.38245 0.12020 0.06947 0.03339 0.00360 3.00000 9.82400
0.03983 0.59752 0.04869 0.02704 0.19807 0.05075 0.01104 0.02707 3.00000 18.66400
0.08729 0.00724 0.15240 0.01768 0.02702 0.28199 0.31870 0.10769 3.00000 595.59300
0.04319 0.03259 0.64435 0.07612 0.07662 0.01092 0.00904 0.10717 3.00000 25.60300
0.07160 0.30926 0.14869 0.32803 0.01314 0.10492 0.00973 0.01463 3.00000 22.95300
0.27515 0.11980 0.03605 0.34349 0.11016 0.06147 0.00699 0.04688 3.00000 29.66800
0.48629 0.25715 0.00578 0.04246 0.00385 0.00598 0.00807 0.19043 3.00000 100000.00000
0.03613 0.03514 0.44504 0.07262 0.06579 0.30494 0.03562 0.00471 3.00000 13.03200
0.12517 0.00630 0.04419 0.03644 0.05185 0.24050 0.19826 0.29729 3.00000 5724.48200
0.01686 0.00657 0.34735 0.00825 0.18464 0.01019 0.01820 0.40794 3.00000 45.14300
0.00476 0.00465 0.26422 0.40295 0.29026 0.01082 0.01649 0.00586 3.00000 6.37700
0.04572 0.21390 0.00787 0.46307 0.00662 0.01593 0.21707 0.02982 3.00000 35.06700
0.03067 0.34161 0.03351 0.02362 0.01970 0.26039 0.17342 0.11709 3.00000 5817.61900
0.00372 0.04726 0.10208 0.05295 0.01276 0.18539 0.42257 0.17328 3.00000 440.43000
0.75171 0.00729 0.02501 0.10729 0.03762 0.01172 0.02593 0.03343 3.00000 725.51000
0.02363 0.02624 0.68204 0.01145 0.14202 0.05284 0.03108 0.03070 3.00000 14.00600
0.07365 0.06762 0.00725 0.26835 0.00870 0.15853 0.05985 0.35605 3.00000 235.55400
0.12656 0.39365 0.29688 0.01141 0.00485 0.03451 0.07372 0.05841 3.00000 100000.00000
0.24156 0.11258 0.04418 0.07794 0.27625 0.01012 0.12521 0.11216 3.00000 93.16600
0.01065 0.19065 0.00693 0.00982 0.01939 0.26277 0.15985 0.33994 3.00000 100000.00000
0.15011 0.15478 0.00401 0.01122 0.23470 0.01302 0.25850 0.17368 3.00000 4677.25600
0.05559 0.02712 0.00786 0.13933 0.31538 0.30589 0.07014 0.07869 3.00000 301.01000
0.01190 0.18813 0.45815 0.11179 0.04380 0.00845 0.02433 0.15345 3.00000 53.85300
0.02001 0.00733 0.42213 0.06063 0.00654 0.44792 0.02704 0.00841 3.00000 12.13500
0.15519 0.07155 0.12301 0.03126 0.11179 0.11583 0.28960 0.10177 3.00000 510.93900
0.02581 0.10082 0.56686 0.02673 0.03852 0.11319 0.03494 0.09312 3.00000 30.20800
0.02078 0.12209 0.53185 0.05450 0.04783 0.14799 0.02066 0.05429 3.00000 18.21100
0.04084 0.14052 0.16031 0.20806 0.01164 0.26280 0.15386 0.02196 3.00000 27.23400
0.05554 0.20713 0.00415 0.02524 0.02447 0.56235 0.11451 0.00662 3.00000 4712.54500
0.00524 0.07733 0.32565 0.42917 0.01284 0.13339 0.01058 0.00581 3.00000 8.78600
0.06633 0.00770 0.01392 0.06252 0.01577 0.30165 0.23853 0.29358 3.00000 8773.49400
0.00864 0.01004 0.01154 0.06779 0.06626 0.03135 0.33612 0.46825 3.00000 6402.82400
0.01504 0.05202 0.04873 0.51200 0.00781 0.11631 0.18678 0.06132 3.00000 30.47800
0.34040 0.11543 0.02289 0.04152 0.13987 0.08131 0.02064 0.23794 3.00000 907.63100
0.17597 0.34162 0.03260 0.02474 0.03596 0.36621 0.01252 0.01038 3.00000 504.96400
0.06183 0.00391 0.05198 0.41109 0.00433 0.41460 0.04366 0.00860 3.00000 21.14400
0.05530 0.38064 0.09891 0.37710 0.04967 0.01203 0.01121 0.01513 3.00000 20.25200
0.01818 0.00706 0.43111 0.23180 0.03478 0.03067 0.02595 0.22044 3.00000 35.56700
0.02670 0.00602 0.40977 0.03072 0.16912 0.34076 0.01267 0.00424 3.00000 11.02300
0.08699 0.28412 0.36871 0.02028 0.00383 0.17671 0.00844 0.05092 3.00000 76.74800
0.12837 0.00635 0.44664 0.04680 0.09908 0.01636 0.18193 0.07446 3.00000 73.30600
0.15283 0.07186 0.25294 0.21918 0.16089 0.07841 0.03832 0.02557 3.00000 16.06500
0.44448 0.03980 0.00402 0.08089 0.14535 0.03741 0.10599 0.14208 3.00000 744.64500
0.00839 0.00413 0.09320 0.06000 0.02049 0.26604 0.48918 0.05857 3.00000 306.73500
0.05535 0.18175 0.12037 0.10569 0.02187 0.32032 0.13557 0.05907 3.00000 72.14800
0.01986 0.02803 0.08624 0.01074 0.00782 0.41116 0.23640 0.19976 3.00000 1329.82500
0.00655 0.08038 0.14199 0.01615 0.00560 0.72749 0.01432 0.00752 3.00000 27.00700
0.01651 0.12643 0.31539 0.10346 0.09131 0.09139 0.20238 0.05314 3.00000 28.55000
0.02367 0.12811 0.01599 0.03714 0.32614 0.29550 0.02315 0.15030 3.00000 84.33800
0.04623 0.48880 0.08943 0.01642 0.02569 0.01533 0.30760 0.01049 3.00000 10429.11900
0.06383 0.06861 0.14789 0.22831 0.02799 0.01050 0.36133 0.09155 3.00000 58.17200
0.18458 0.27032 0.15915 0.00731 0.09204 0.00657 0.00970 0.27032 3.00000 170.57000
0.17954 0.02351 0.25685 0.01414 0.12114 0.12132 0.00300 0.28050 3.00000 113.15400
0.00369 0.17257 0.01057 0.25781 0.11616 0.18328 0.23606 0.01986 3.00000 37.61800
All Monte Carlo walks ran with 1000.00000 samples
Maximum steps allowed per walk was 100,000
