Entries: 301
0.12500 0.12500 0.12500 0.12500 0.12500 0.12500 0.12500 0.12500 1.00000 42.53770
0.90000 0.01429 0.01429 0.01429 0.01429 0.01429 0.01429 0.01429 1.00000 490.85170
0.01429 0.90000 0.01429 0.01429 0.01429 0.01429 0.01429 0.01429 1.00000 64.51210
0.01429 0.01429 0.90000 0.01429 0.01429 0.01429 0.01429 0.01429 1.00000 18.96940
0.01429 0.01429 0.01429 0.90000 0.01429 0.01429 0.01429 0.01429 1.00000 11.17730
0.01429 0.01429 0.01429 0.01429 0.90000 0.01429 0.01429 0.01429 1.00000 18.87160
0.01429 0.01429 0.01429 0.01429 0.01429 0.90000 0.01429 0.01429 1.00000 65.15270
0.01429 0.01429 0.01429 0.01429 0.01429 0.01429 0.90000 0.01429 1.00000 477.53540
0.01429 0.01429 0.01429 0.01429 0.01429 0.01429 0.01429 0.90000 1.00000 658.29420
0.23062 0.06113 0.01486 0.22261 0.17598 0.05159 0.00809 0.23511 1.00000 43.80120
0.58924 0.00938 0.04601 0.03536 0.02291 0.03217 0.00619 0.25873 1.00000 192.40220
0.00883 0.02627 0.35781 0.01521 0.00806 0.09096 0.07078 0.42207 1.00000 203.82190
0.36388 0.01220 0.00475 0.00821 0.06413 0.00687 0.02819 0.51176 1.00000 5447.49350
0.02529 0.10709 0.07484 0.18056 0.47046 0.07382 0.04328 0.02465 1.00000 10.65980
0.00799 0.12596 0.09359 0.05008 0.19983 0.03471 0.21771 0.27013 1.00000 56.82300
0.02593 0.29859 0.09646 0.00603 0.20795 0.10795 0.01007 0.24702 1.00000 38.99440
0.36432 0.06870 0.01847 0.36684 0.00836 0.09460 0.07314 0.00557 1.00000 58.97460
0.00947 0.01122 0.05911 0.01468 0.01896 0.78731 0.05500 0.04427 1.00000 27.22120
0.00784 0.07822 0.05919 0.12046 0.22831 0.07293 0.38733 0.04571 1.00000 36.85990
0.00792 0.36032 0.01114 0.02577 0.01200 0.00850 0.54031 0.03403 1.00000 2195.49370
0.30782 0.01255 0.06953 0.02137 0.21323 0.00976 0.35755 0.00818 1.00000 269.83670
0.05382 0.01294 0.31245 0.14042 0.02291 0.34353 0.09290 0.02103 1.00000 13.52420
0.00523 0.04540 0.11989 0.04451 0.50196 0.11201 0.08132 0.08967 1.00000 14.41760
0.00564 0.00568 0.45450 0.41653 0.01026 0.03140 0.06870 0.00729 1.00000 9.92120
0.07711 0.00455 0.02715 0.01926 0.02098 0.58875 0.01290 0.24930 1.00000 657.79200
0.12979 0.07758 0.21685 0.12147 0.01445 0.04338 0.36823 0.02824 1.00000 94.35690
0.22333 0.00994 0.01824 0.47589 0.19234 0.02425 0.03722 0.01880 1.00000 14.63460
0.09473 0.02170 0.03513 0.72752 0.04812 0.04602 0.01143 0.01534 1.00000 11.59270
0.03449 0.01631 0.27513 0.17478 0.17047 0.16842 0.01208 0.14834 1.00000 12.21690
0.07320 0.03231 0.03259 0.20908 0.02884 0.02632 0.58372 0.01394 1.00000 108.33220
0.15090 0.01109 0.00799 0.01012 0.03026 0.65890 0.08181 0.04892 1.00000 4707.39010
0.24502 0.01315 0.38059 0.15001 0.04691 0.02787 0.06609 0.07038 1.00000 51.74450
0.00480 0.25050 0.24826 0.01166 0.28088 0.16488 0.00514 0.03388 1.00000 12.35770
0.06029 0.27767 0.26790 0.04868 0.26968 0.05852 0.00421 0.01306 1.00000 10.31500
0.08582 0.16096 0.17555 0.47482 0.00557 0.03191 0.01398 0.05140 1.00000 39.12490
0.02765 0.05643 0.08200 0.07424 0.30781 0.00392 0.29075 0.15720 1.00000 42.11840
0.01673 0.46223 0.14167 0.01390 0.04819 0.22930 0.07009 0.01788 1.00000 55.57560
0.09140 0.00754 0.03626 0.13327 0.21871 0.02621 0.12378 0.36283 1.00000 135.65670
0.01656 0.17093 0.22843 0.00952 0.02235 0.02908 0.44110 0.08203 1.00000 835.87280
0.09484 0.16421 0.04892 0.00365 0.07130 0.17989 0.12562 0.31156 1.00000 914.14350
0.04452 0.02105 0.07721 0.18680 0.22187 0.12951 0.28374 0.03531 1.00000 35.41700
0.04041 0.07314 0.02250 0.00737 0.43112 0.01267 0.02209 0.39070 1.00000 79.85700
0.40009 0.05475 0.31803 0.05908 0.03415 0.01118 0.02728 0.09544 1.00000 93.59740
0.03932 0.09244 0.02091 0.11304 0.29038 0.02284 0.15930 0.26178 1.00000 70.40160
0.01059 0.03158 0.01630 0.06332 0.07646 0.01160 0.78423 0.00593 1.00000 135.87490
0.00493 0.34420 0.10964 0.31179 0.08902 0.07403 0.04103 0.02535 1.00000 12.25490
0.35963 0.05767 0.00793 0.14135 0.07140 0.20011 0.12887 0.03303 1.00000 197.77540
0.49667 0.01153 0.33717 0.01044 0.06146 0.00822 0.06443 0.01009 1.00000 91.17460
0.05941 0.42035 0.01395 0.02737 0.07631 0.01933 0.03330 0.35000 1.00000 185.47660
0.00631 0.00565 0.01249 0.23684 0.08274 0.47287 0.02010 0.16300 1.00000 85.41800
0.46946 0.02413 0.02408 0.01800 0.25432 0.05603 0.14178 0.01221 1.00000 556.97960
0.06839 0.01846 0.00334 0.00727 0.08759 0.41552 0.07777 0.32166 1.00000 3561.38320
0.13455 0.22824 0.21444 0.38314 0.01768 0.00698 0.00724 0.00772 1.00000 43.28950
0.02276 0.03037 0.57553 0.04232 0.11136 0.01537 0.16954 0.03274 1.00000 19.57210
0.54689 0.05072 0.00621 0.01198 0.00807 0.02225 0.01057 0.34331 1.00000 2383.72520
0.06563 0.01514 0.00628 0.46482 0.07186 0.01836 0.19952 0.15838 1.00000 73.24290
0.08797 0.30476 0.00840 0.14362 0.24411 0.14328 0.00937 0.05849 1.00000 21.05000
0.00775 0.03112 0.15109 0.33397 0.31614 0.14281 0.00849 0.00863 1.00000 6.89200
0.32575 0.06227 0.08609 0.09846 0.15811 0.21138 0.04905 0.00890 1.00000 43.45310
0.02037 0.15069 0.00754 0.05915 0.03078 0.24983 0.45885 0.02280 1.00000 644.24260
0.01172 0.00571 0.01075 0.22312 0.01625 0.00796 0.01980 0.70470 1.00000 329.73220
0.26673 0.24695 0.16018 0.00846 0.03947 0.13049 0.14339 0.00433 1.00000 360.39470
0.05557 0.09223 0.08143 0.00875 0.02886 0.49128 0.03348 0.20840 1.00000 249.90670
0.04534 0.12169 0.05724 0.44379 0.06499 0.02066 0.06449 0.18179 1.00000 24.71980
0.03021 0.42703 0.11347 0.17459 0.12314 0.11080 0.00752 0.01323 1.00000 12.80040
0.16150 0.36875 0.24631 0.08814 0.05491 0.00577 0.00379 0.07081 1.00000 30.26830
0.20128 0.00707 0.21595 0.26949 0.01773 0.00929 0.23854 0.04065 1.00000 51.17410
0.00618 0.07736 0.09000 0.32846 0.00628 0.06481 0.40633 0.02057 1.00000 28.48630
0.01454 0.43411 0.02662 0.03792 0.03468 0.11309 0.24420 0.09485 1.00000 551.85430
0.14502 0.41386 0.12213 0.03590 0.00759 0.22379 0.04264 0.00906 1.00000 206.61560
0.07326 0.05236 0.71192 0.00672 0.02014 0.08649 0.03186 0.01726 1.00000 26.46260
0.00441 0.32435 0.01642 0.31946 0.22985 0.07072 0.00727 0.02753 1.00000 9.54760
0.00260 0.00330 0.01126 0.02079 0.04566 0.28452 0.30670 0.32517 1.00000 114.25470
0.00687 0.04657 0.21168 0.14099 0.03613 0.12672 0.41686 0.01418 1.00000 25.58840
0.04921 0.04245 0.01381 0.59696 0.05007 0.00906 0.06795 0.17050 1.00000 26.46480
0.19049 0.01344 0.10863 0.06408 0.03129 0.14738 0.15539 0.28930 1.00000 297.11190
0.16774 0.02096 0.02726 0.00768 0.01801 0.71159 0.01051 0.03625 1.00000 830.64090
0.41934 0.13922 0.01140 0.25476 0.03737 0.06853 0.04356 0.02583 1.00000 74.80290
0.02217 0.16151 0.02441 0.00920 0.69174 0.02576 0.01480 0.05040 1.00000 15.46310
0.36765 0.35367 0.25238 0.00714 0.00295 0.00545 0.00319 0.00758 1.00000 149.83870
0.07960 0.07791 0.01883 0.00983 0.01014 0.03146 0.38163 0.39059 1.00000 100000.00000
0.19466 0.58903 0.02601 0.12225 0.02260 0.01288 0.01799 0.01457 1.00000 86.33810
0.11071 0.01821 0.52405 0.04213 0.02218 0.18871 0.06616 0.02786 1.00000 26.32380
0.03831 0.02439 0.08622 0.25335 0.18061 0.20029 0.01220 0.20462 1.00000 21.71830
0.01034 0.04993 0.21128 0.02357 0.03030 0.28773 0.19541 0.19144 1.00000 56.15440
0.24358 0.20997 0.03347 0.04734 0.34096 0.00608 0.06512 0.05348 1.00000 31.93520
0.10863 0.00417 0.13494 0.14906 0.12799 0.20467 0.12671 0.14383 1.00000 33.36450
0.20181 0.03258 0.01224 0.06386 0.01857 0.19704 0.14069 0.33322 1.00000 1957.13000
0.04772 0.49929 0.07885 0.03845 0.00746 0.01370 0.12520 0.18933 1.00000 1719.10460
0.01239 0.01121 0.54713 0.00518 0.00972 0.00521 0.04049 0.36866 1.00000 233.08030
0.25977 0.06438 0.00481 0.01737 0.28015 0.21955 0.01498 0.13899 1.00000 1035.62580
0.01738 0.45599 0.00473 0.33386 0.09446 0.03969 0.00890 0.04499 1.00000 13.06770
0.23862 0.03486 0.01682 0.30406 0.00519 0.22500 0.11741 0.05805 1.00000 78.86150
0.08348 0.14323 0.00892 0.00686 0.71443 0.01383 0.00930 0.01994 1.00000 25.75830
0.01361 0.41933 0.03429 0.07632 0.04225 0.00564 0.23388 0.17469 1.00000 313.65840
0.27014 0.03590 0.09946 0.00789 0.01773 0.07329 0.02481 0.47078 1.00000 499.96780
0.02086 0.00447 0.29732 0.07228 0.25304 0.14477 0.18139 0.02587 1.00000 12.48470
0.07880 0.21594 0.14065 0.00856 0.30647 0.19763 0.02565 0.02630 1.00000 20.11840
0.23532 0.01148 0.14893 0.04021 0.12036 0.27493 0.16113 0.00764 1.00000 66.35240
0.37247 0.22649 0.04948 0.14555 0.12993 0.01621 0.05153 0.00834 1.00000 35.21540
0.02034 0.26531 0.23237 0.02437 0.00546 0.05210 0.36567 0.03438 1.00000 713.85200
0.90000 0.01429 0.01429 0.01429 0.01429 0.01429 0.01429 0.01429 2.00000 4210.16090
0.01429 0.90000 0.01429 0.01429 0.01429 0.01429 0.01429 0.01429 2.00000 112.17460
0.01429 0.01429 0.90000 0.01429 0.01429 0.01429 0.01429 0.01429 2.00000 24.64790
0.01429 0.01429 0.01429 0.90000 0.01429 0.01429 0.01429 0.01429 2.00000 10.73320
0.01429 0.01429 0.01429 0.01429 0.90000 0.01429 0.01429 0.01429 2.00000 24.65430
0.01429 0.01429 0.01429 0.01429 0.01429 0.90000 0.01429 0.01429 2.00000 112.84390
0.01429 0.01429 0.01429 0.01429 0.01429 0.01429 0.90000 0.01429 2.00000 4340.45000
0.01429 0.01429 0.01429 0.01429 0.01429 0.01429 0.01429 0.90000 2.00000 4602.23120
0.23062 0.06113 0.01486 0.22261 0.17598 0.05159 0.00809 0.23511 2.00000 52.91610
0.58924 0.00938 0.04601 0.03536 0.02291 0.03217 0.00619 0.25873 2.00000 1375.04500
0.00883 0.02627 0.35781 0.01521 0.00806 0.09096 0.07078 0.42207 2.00000 434.83760
0.36388 0.01220 0.00475 0.00821 0.06413 0.00687 0.02819 0.51176 2.00000 100000.00000
0.02529 0.10709 0.07484 0.18056 0.47046 0.07382 0.04328 0.02465 2.00000 12.12550
0.00799 0.12596 0.09359 0.05008 0.19983 0.03471 0.21771 0.27013 2.00000 109.34350
0.02593 0.29859 0.09646 0.00603 0.20795 0.10795 0.01007 0.24702 2.00000 59.53250
0.36432 0.06870 0.01847 0.36684 0.00836 0.09460 0.07314 0.00557 2.00000 57.15650
0.00947 0.01122 0.05911 0.01468 0.01896 0.78731 0.05500 0.04427 2.00000 39.87510
0.00784 0.07822 0.05919 0.12046 0.22831 0.07293 0.38733 0.04571 2.00000 67.41400
0.00792 0.36032 0.01114 0.02577 0.01200 0.00850 0.54031 0.03403 2.00000 100000.00000
0.30782 0.01255 0.06953 0.02137 0.21323 0.00976 0.35755 0.00818 2.00000 758.98910
0.05382 0.01294 0.31245 0.14042 0.02291 0.34353 0.09290 0.02103 2.00000 15.08920
0.00523 0.04540 0.11989 0.04451 0.50196 0.11201 0.08132 0.08967 2.00000 19.18280
0.00564 0.00568 0.45450 0.41653 0.01026 0.03140 0.06870 0.00729 2.00000 10.30470
0.07711 0.00455 0.02715 0.01926 0.02098 0.58875 0.01290 0.24930 2.00000 2770.64100
0.12979 0.07758 0.21685 0.12147 0.01445 0.04338 0.36823 0.02824 2.00000 121.56130
0.22333 0.00994 0.01824 0.47589 0.19234 0.02425 0.03722 0.01880 2.00000 15.50670
0.09473 0.02170 0.03513 0.72752 0.04812 0.04602 0.01143 0.01534 2.00000 11.78210
0.03449 0.01631 0.27513 0.17478 0.17047 0.16842 0.01208 0.14834 2.00000 14.17670
0.07320 0.03231 0.03259 0.20908 0.02884 0.02632 0.58372 0.01394 2.00000 158.04280
0.15090 0.01109 0.00799 0.01012 0.03026 0.65890 0.08181 0.04892 2.00000 100000.00000
0.24502 0.01315 0.38059 0.15001 0.04691 0.02787 0.06609 0.07038 2.00000 97.37390
0.00480 0.25050 0.24826 0.01166 0.28088 0.16488 0.00514 0.03388 2.00000 14.94210
0.06029 0.27767 0.26790 0.04868 0.26968 0.05852 0.00421 0.01306 2.00000 12.06790
0.08582 0.16096 0.17555 0.47482 0.00557 0.03191 0.01398 0.05140 2.00000 47.78400
0.02765 0.05643 0.08200 0.07424 0.30781 0.00392 0.29075 0.15720 2.00000 78.94160
0.01673 0.46223 0.14167 0.01390 0.04819 0.22930 0.07009 0.01788 2.00000 70.32560
0.09140 0.00754 0.03626 0.13327 0.21871 0.02621 0.12378 0.36283 2.00000 317.32880
0.01656 0.17093 0.22843 0.00952 0.02235 0.02908 0.44110 0.08203 2.00000 3465.74250
0.09484 0.16421 0.04892 0.00365 0.07130 0.17989 0.12562 0.31156 2.00000 6056.65800
0.04452 0.02105 0.07721 0.18680 0.22187 0.12951 0.28374 0.03531 2.00000 65.91990
0.04041 0.07314 0.02250 0.00737 0.43112 0.01267 0.02209 0.39070 2.00000 179.13910
0.40009 0.05475 0.31803 0.05908 0.03415 0.01118 0.02728 0.09544 2.00000 448.66350
0.03932 0.09244 0.02091 0.11304 0.29038 0.02284 0.15930 0.26178 2.00000 110.12890
0.01059 0.03158 0.01630 0.06332 0.07646 0.01160 0.78423 0.00593 2.00000 651.77980
0.00493 0.34420 0.10964 0.31179 0.08902 0.07403 0.04103 0.02535 2.00000 13.14730
0.35963 0.05767 0.00793 0.14135 0.07140 0.20011 0.12887 0.03303 2.00000 259.02390
0.49667 0.01153 0.33717 0.01044 0.06146 0.00822 0.06443 0.01009 2.00000 362.75050
0.05941 0.42035 0.01395 0.02737 0.07631 0.01933 0.03330 0.35000 2.00000 438.38170
0.00631 0.00565 0.01249 0.23684 0.08274 0.47287 0.02010 0.16300 2.00000 192.57390
0.46946 0.02413 0.02408 0.01800 0.25432 0.05603 0.14178 0.01221 2.00000 1506.13360
0.06839 0.01846 0.00334 0.00727 0.08759 0.41552 0.07777 0.32166 2.00000 100000.00000
0.13455 0.22824 0.21444 0.38314 0.01768 0.00698 0.00724 0.00772 2.00000 116.86680
0.02276 0.03037 0.57553 0.04232 0.11136 0.01537 0.16954 0.03274 2.00000 23.31340
0.54689 0.05072 0.00621 0.01198 0.00807 0.02225 0.01057 0.34331 2.00000 100000.00000
0.06563 0.01514 0.00628 0.46482 0.07186 0.01836 0.19952 0.15838 2.00000 89.57340
0.08797 0.30476 0.00840 0.14362 0.24411 0.14328 0.00937 0.05849 2.00000 22.88400
0.00775 0.03112 0.15109 0.33397 0.31614 0.14281 0.00849 0.00863 2.00000 7.62170
0.32575 0.06227 0.08609 0.09846 0.15811 0.21138 0.04905 0.00890 2.00000 56.28030
0.02037 0.15069 0.00754 0.05915 0.03078 0.24983 0.45885 0.02280 2.00000 1485.00930
0.01172 0.00571 0.01075 0.22312 0.01625 0.00796 0.01980 0.70470 2.00000 485.85450
0.26673 0.24695 0.16018 0.00846 0.03947 0.13049 0.14339 0.00433 2.00000 1044.64400
0.05557 0.09223 0.08143 0.00875 0.02886 0.49128 0.03348 0.20840 2.00000 641.51020
0.04534 0.12169 0.05724 0.44379 0.06499 0.02066 0.06449 0.18179 2.00000 26.15760
0.03021 0.42703 0.11347 0.17459 0.12314 0.11080 0.00752 0.01323 2.00000 14.25690
0.16150 0.36875 0.24631 0.08814 0.05491 0.00577 0.00379 0.07081 2.00000 75.29240
0.20128 0.00707 0.21595 0.26949 0.01773 0.00929 0.23854 0.04065 2.00000 63.09680
0.00618 0.07736 0.09000 0.32846 0.00628 0.06481 0.40633 0.02057 2.00000 36.38540
0.01454 0.43411 0.02662 0.03792 0.03468 0.11309 0.24420 0.09485 2.00000 1494.69730
0.14502 0.41386 0.12213 0.03590 0.00759 0.22379 0.04264 0.00906 2.00000 295.54140
0.07326 0.05236 0.71192 0.00672 0.02014 0.08649 0.03186 0.01726 2.00000 33.07340
0.00441 0.32435 0.01642 0.31946 0.22985 0.07072 0.00727 0.02753 2.00000 10.26340
0.00260 0.00330 0.01126 0.02079 0.04566 0.28452 0.30670 0.32517 2.00000 1099.68280
0.00687 0.04657 0.21168 0.14099 0.03613 0.12672 0.41686 0.01418 2.00000 34.94590
0.04921 0.04245 0.01381 0.59696 0.05007 0.00906 0.06795 0.17050 2.00000 25.80860
0.19049 0.01344 0.10863 0.06408 0.03129 0.14738 0.15539 0.28930 2.00000 659.76050
0.16774 0.02096 0.02726 0.00768 0.01801 0.71159 0.01051 0.03625 2.00000 4647.39580
0.41934 0.13922 0.01140 0.25476 0.03737 0.06853 0.04356 0.02583 2.00000 101.26890
0.02217 0.16151 0.02441 0.00920 0.69174 0.02576 0.01480 0.05040 2.00000 18.11630
0.36765 0.35367 0.25238 0.00714 0.00295 0.00545 0.00319 0.00758 2.00000 1748.93620
0.07960 0.07791 0.01883 0.00983 0.01014 0.03146 0.38163 0.39059 2.00000 100000.00000
0.19466 0.58903 0.02601 0.12225 0.02260 0.01288 0.01799 0.01457 2.00000 283.74610
0.11071 0.01821 0.52405 0.04213 0.02218 0.18871 0.06616 0.02786 2.00000 29.35410
0.03831 0.02439 0.08622 0.25335 0.18061 0.20029 0.01220 0.20462 2.00000 26.96870
0.01034 0.04993 0.21128 0.02357 0.03030 0.28773 0.19541 0.19144 2.00000 84.37650
0.24358 0.20997 0.03347 0.04734 0.34096 0.00608 0.06512 0.05348 2.00000 38.14640
0.10863 0.00417 0.13494 0.14906 0.12799 0.20467 0.12671 0.14383 2.00000 47.01220
0.20181 0.03258 0.01224 0.06386 0.01857 0.19704 0.14069 0.33322 2.00000 4838.24080
0.04772 0.49929 0.07885 0.03845 0.00746 0.01370 0.12520 0.18933 2.00000 7184.01050
0.01239 0.01121 0.54713 0.00518 0.00972 0.00521 0.04049 0.36866 2.00000 1119.08020
0.25977 0.06438 0.00481 0.01737 0.28015 0.21955 0.01498 0.13899 2.00000 2573.23650
0.01738 0.45599 0.00473 0.33386 0.09446 0.03969 0.00890 0.04499 2.00000 13.90790
0.23862 0.03486 0.01682 0.30406 0.00519 0.22500 0.11741 0.05805 2.00000 82.76070
0.08348 0.14323 0.00892 0.00686 0.71443 0.01383 0.00930 0.01994 2.00000 26.69960
0.01361 0.41933 0.03429 0.07632 0.04225 0.00564 0.23388 0.17469 2.00000 748.77810
0.27014 0.03590 0.09946 0.00789 0.01773 0.07329 0.02481 0.47078 2.00000 4207.77010
0.02086 0.00447 0.29732 0.07228 0.25304 0.14477 0.18139 0.02587 2.00000 15.48640
0.07880 0.21594 0.14065 0.00856 0.30647 0.19763 0.02565 0.02630 2.00000 24.96640
0.23532 0.01148 0.14893 0.04021 0.12036 0.27493 0.16113 0.00764 2.00000 107.62720
0.37247 0.22649 0.04948 0.14555 0.12993 0.01621 0.05153 0.00834 2.00000 60.46410
0.02034 0.26531 0.23237 0.02437 0.00546 0.05210 0.36567 0.03438 2.00000 1757.00890
0.90000 0.01429 0.01429 0.01429 0.01429 0.01429 0.01429 0.01429 3.00000 100000.00000
0.01429 0.90000 0.01429 0.01429 0.01429 0.01429 0.01429 0.01429 3.00000 145.83720
0.01429 0.01429 0.90000 0.01429 0.01429 0.01429 0.01429 0.01429 3.00000 27.48410
0.01429 0.01429 0.01429 0.90000 0.01429 0.01429 0.01429 0.01429 3.00000 10.62000
0.01429 0.01429 0.01429 0.01429 0.90000 0.01429 0.01429 0.01429 3.00000 27.22850
0.01429 0.01429 0.01429 0.01429 0.01429 0.90000 0.01429 0.01429 3.00000 146.59320
0.01429 0.01429 0.01429 0.01429 0.01429 0.01429 0.90000 0.01429 3.00000 100000.00000
0.01429 0.01429 0.01429 0.01429 0.01429 0.01429 0.01429 0.90000 3.00000 100000.00000
0.23062 0.06113 0.01486 0.22261 0.17598 0.05159 0.00809 0.23511 3.00000 57.29030
0.58924 0.00938 0.04601 0.03536 0.02291 0.03217 0.00619 0.25873 3.00000 4760.68570
0.00883 0.02627 0.35781 0.01521 0.00806 0.09096 0.07078 0.42207 3.00000 672.13130
0.36388 0.01220 0.00475 0.00821 0.06413 0.00687 0.02819 0.51176 3.00000 100000.00000
0.02529 0.10709 0.07484 0.18056 0.47046 0.07382 0.04328 0.02465 3.00000 12.69430
0.00799 0.12596 0.09359 0.05008 0.19983 0.03471 0.21771 0.27013 3.00000 145.18230
0.02593 0.29859 0.09646 0.00603 0.20795 0.10795 0.01007 0.24702 3.00000 71.21710
0.36432 0.06870 0.01847 0.36684 0.00836 0.09460 0.07314 0.00557 3.00000 57.09700
0.00947 0.01122 0.05911 0.01468 0.01896 0.78731 0.05500 0.04427 3.00000 48.09800
0.00784 0.07822 0.05919 0.12046 0.22831 0.07293 0.38733 0.04571 3.00000 87.85400
0.00792 0.36032 0.01114 0.02577 0.01200 0.00850 0.54031 0.03403 3.00000 100000.00000
0.30782 0.01255 0.06953 0.02137 0.21323 0.00976 0.35755 0.00818 3.00000 1277.44740
0.05382 0.01294 0.31245 0.14042 0.02291 0.34353 0.09290 0.02103 3.00000 15.77170
0.00523 0.04540 0.11989 0.04451 0.50196 0.11201 0.08132 0.08967 3.00000 21.65380
0.00564 0.00568 0.45450 0.41653 0.01026 0.03140 0.06870 0.00729 3.00000 10.45730
0.07711 0.00455 0.02715 0.01926 0.02098 0.58875 0.01290 0.24930 3.00000 6775.17650
0.12979 0.07758 0.21685 0.12147 0.01445 0.04338 0.36823 0.02824 3.00000 140.65580
0.22333 0.00994 0.01824 0.47589 0.19234 0.02425 0.03722 0.01880 3.00000 15.68560
0.09473 0.02170 0.03513 0.72752 0.04812 0.04602 0.01143 0.01534 3.00000 11.73910
0.03449 0.01631 0.27513 0.17478 0.17047 0.16842 0.01208 0.14834 3.00000 14.95010
0.07320 0.03231 0.03259 0.20908 0.02884 0.02632 0.58372 0.01394 3.00000 184.80750
0.15090 0.01109 0.00799 0.01012 0.03026 0.65890 0.08181 0.04892 3.00000 100000.00000
0.24502 0.01315 0.38059 0.15001 0.04691 0.02787 0.06609 0.07038 3.00000 131.77410
0.00480 0.25050 0.24826 0.01166 0.28088 0.16488 0.00514 0.03388 3.00000 16.04610
0.06029 0.27767 0.26790 0.04868 0.26968 0.05852 0.00421 0.01306 3.00000 12.89240
0.08582 0.16096 0.17555 0.47482 0.00557 0.03191 0.01398 0.05140 3.00000 52.92470
0.02765 0.05643 0.08200 0.07424 0.30781 0.00392 0.29075 0.15720 3.00000 106.52020
0.01673 0.46223 0.14167 0.01390 0.04819 0.22930 0.07009 0.01788 3.00000 76.28580
0.09140 0.00754 0.03626 0.13327 0.21871 0.02621 0.12378 0.36283 3.00000 491.02800
0.01656 0.17093 0.22843 0.00952 0.02235 0.02908 0.44110 0.08203 3.00000 7840.49360
0.09484 0.16421 0.04892 0.00365 0.07130 0.17989 0.12562 0.31156 3.00000 100000.00000
0.04452 0.02105 0.07721 0.18680 0.22187 0.12951 0.28374 0.03531 3.00000 89.13130
0.04041 0.07314 0.02250 0.00737 0.43112 0.01267 0.02209 0.39070 3.00000 273.63950
0.40009 0.05475 0.31803 0.05908 0.03415 0.01118 0.02728 0.09544 3.00000 1242.12170
0.03932 0.09244 0.02091 0.11304 0.29038 0.02284 0.15930 0.26178 3.00000 132.13370
0.01059 0.03158 0.01630 0.06332 0.07646 0.01160 0.78423 0.00593 3.00000 1293.65900
0.00493 0.34420 0.10964 0.31179 0.08902 0.07403 0.04103 0.02535 3.00000 13.50810
0.35963 0.05767 0.00793 0.14135 0.07140 0.20011 0.12887 0.03303 3.00000 300.25680
0.49667 0.01153 0.33717 0.01044 0.06146 0.00822 0.06443 0.01009 3.00000 900.66900
0.05941 0.42035 0.01395 0.02737 0.07631 0.01933 0.03330 0.35000 3.00000 729.04010
0.00631 0.00565 0.01249 0.23684 0.08274 0.47287 0.02010 0.16300 3.00000 295.15570
0.46946 0.02413 0.02408 0.01800 0.25432 0.05603 0.14178 0.01221 3.00000 2514.37200
0.06839 0.01846 0.00334 0.00727 0.08759 0.41552 0.07777 0.32166 3.00000 100000.00000
0.13455 0.22824 0.21444 0.38314 0.01768 0.00698 0.00724 0.00772 3.00000 191.73960
0.02276 0.03037 0.57553 0.04232 0.11136 0.01537 0.16954 0.03274 3.00000 24.88390
0.54689 0.05072 0.00621 0.01198 0.00807 0.02225 0.01057 0.34331 3.00000 100000.00000
0.06563 0.01514 0.00628 0.46482 0.07186 0.01836 0.19952 0.15838 3.00000 100.46220
0.08797 0.30476 0.00840 0.14362 0.24411 0.14328 0.00937 0.05849 3.00000 23.80400
0.00775 0.03112 0.15109 0.33397 0.31614 0.14281 0.00849 0.00863 3.00000 7.93060
0.32575 0.06227 0.08609 0.09846 0.15811 0.21138 0.04905 0.00890 3.00000 63.25150
0.02037 0.15069 0.00754 0.05915 0.03078 0.24983 0.45885 0.02280 3.00000 2051.94370
0.01172 0.00571 0.01075 0.22312 0.01625 0.00796 0.01980 0.70470 3.00000 596.63020
0.26673 0.24695 0.16018 0.00846 0.03947 0.13049 0.14339 0.00433 3.00000 1699.58860
0.05557 0.09223 0.08143 0.00875 0.02886 0.49128 0.03348 0.20840 3.00000 1013.59900
0.04534 0.12169 0.05724 0.44379 0.06499 0.02066 0.06449 0.18179 3.00000 26.83060
0.03021 0.42703 0.11347 0.17459 0.12314 0.11080 0.00752 0.01323 3.00000 14.94430
0.16150 0.36875 0.24631 0.08814 0.05491 0.00577 0.00379 0.07081 3.00000 125.85550
0.20128 0.00707 0.21595 0.26949 0.01773 0.00929 0.23854 0.04065 3.00000 70.59380
0.00618 0.07736 0.09000 0.32846 0.00628 0.06481 0.40633 0.02057 3.00000 39.33790
0.01454 0.43411 0.02662 0.03792 0.03468 0.11309 0.24420 0.09485 3.00000 2460.53660
0.14502 0.41386 0.12213 0.03590 0.00759 0.22379 0.04264 0.00906 3.00000 345.06930
0.07326 0.05236 0.71192 0.00672 0.02014 0.08649 0.03186 0.01726 3.00000 36.30440
0.00441 0.32435 0.01642 0.31946 0.22985 0.07072 0.00727 0.02753 3.00000 10.56040
0.00260 0.00330 0.01126 0.02079 0.04566 0.28452 0.30670 0.32517 3.00000 8749.76360
0.00687 0.04657 0.21168 0.14099 0.03613 0.12672 0.41686 0.01418 3.00000 41.01910
0.04921 0.04245 0.01381 0.59696 0.05007 0.00906 0.06795 0.17050 3.00000 25.07580
0.19049 0.01344 0.10863 0.06408 0.03129 0.14738 0.15539 0.28930 3.00000 1038.17110
0.16774 0.02096 0.02726 0.00768 0.01801 0.71159 0.01051 0.03625 3.00000 100000.00000
0.41934 0.13922 0.01140 0.25476 0.03737 0.06853 0.04356 0.02583 3.00000 110.23900
0.02217 0.16151 0.02441 0.00920 0.69174 0.02576 0.01480 0.05040 3.00000 19.07420
0.36765 0.35367 0.25238 0.00714 0.00295 0.00545 0.00319 0.00758 3.00000 100000.00000
0.07960 0.07791 0.01883 0.00983 0.01014 0.03146 0.38163 0.39059 3.00000 100000.00000
0.19466 0.58903 0.02601 0.12225 0.02260 0.01288 0.01799 0.01457 3.00000 551.29370
0.11071 0.01821 0.52405 0.04213 0.02218 0.18871 0.06616 0.02786 3.00000 30.89650
0.03831 0.02439 0.08622 0.25335 0.18061 0.20029 0.01220 0.20462 3.00000 29.06950
0.01034 0.04993 0.21128 0.02357 0.03030 0.28773 0.19541 0.19144 3.00000 102.51790
0.24358 0.20997 0.03347 0.04734 0.34096 0.00608 0.06512 0.05348 3.00000 41.29290
0.10863 0.00417 0.13494 0.14906 0.12799 0.20467 0.12671 0.14383 3.00000 54.37700
0.20181 0.03258 0.01224 0.06386 0.01857 0.19704 0.14069 0.33322 3.00000 9092.14480
0.04772 0.49929 0.07885 0.03845 0.00746 0.01370 0.12520 0.18933 3.00000 100000.00000
0.01239 0.01121 0.54713 0.00518 0.00972 0.00521 0.04049 0.36866 3.00000 4108.48700
0.25977 0.06438 0.00481 0.01737 0.28015 0.21955 0.01498 0.13899 3.00000 4150.43410
0.01738 0.45599 0.00473 0.33386 0.09446 0.03969 0.00890 0.04499 3.00000 14.40150
0.23862 0.03486 0.01682 0.30406 0.00519 0.22500 0.11741 0.05805 3.00000 83.06540
0.08348 0.14323 0.00892 0.00686 0.71443 0.01383 0.00930 0.01994 3.00000 27.26530
0.01361 0.41933 0.03429 0.07632 0.04225 0.00564 0.23388 0.17469 3.00000 1224.94350
0.27014 0.03590 0.09946 0.00789 0.01773 0.07329 0.02481 0.47078 3.00000 100000.00000
0.02086 0.00447 0.29732 0.07228 0.25304 0.14477 0.18139 0.02587 3.00000 16.96450
0.07880 0.21594 0.14065 0.00856 0.30647 0.19763 0.02565 0.02630 3.00000 26.80720
0.23532 0.01148 0.14893 0.04021 0.12036 0.27493 0.16113 0.00764 3.00000 135.84940
0.37247 0.22649 0.04948 0.14555 0.12993 0.01621 0.05153 0.00834 3.00000 80.19390
0.02034 0.26531 0.23237 0.02437 0.00546 0.05210 0.36567 0.03438 3.00000 2860.12670
All Monte Carlo walks ran with 10000.00000 samples
Maximum steps allowed per walk was 100,000
