Entries: 301
0.12500 0.12500 0.12500 0.12500 0.12500 0.12500 0.12500 0.12500 1.00000 41.41900
0.90000 0.01429 0.01429 0.01429 0.01429 0.01429 0.01429 0.01429 1.00000 370.07100
0.01429 0.90000 0.01429 0.01429 0.01429 0.01429 0.01429 0.01429 1.00000 75.11300
0.01429 0.01429 0.90000 0.01429 0.01429 0.01429 0.01429 0.01429 1.00000 21.96600
0.01429 0.01429 0.01429 0.90000 0.01429 0.01429 0.01429 0.01429 1.00000 4.33100
0.01429 0.01429 0.01429 0.01429 0.90000 0.01429 0.01429 0.01429 1.00000 21.43200
0.01429 0.01429 0.01429 0.01429 0.01429 0.90000 0.01429 0.01429 1.00000 74.80700
0.01429 0.01429 0.01429 0.01429 0.01429 0.01429 0.90000 0.01429 1.00000 379.69300
0.01429 0.01429 0.01429 0.01429 0.01429 0.01429 0.01429 0.90000 1.00000 398.66000
0.23062 0.06113 0.01486 0.22261 0.17598 0.05159 0.00809 0.23511 1.00000 37.62900
0.58924 0.00938 0.04601 0.03536 0.02291 0.03217 0.00619 0.25873 1.00000 295.43000
0.00883 0.02627 0.35781 0.01521 0.00806 0.09096 0.07078 0.42207 1.00000 234.56500
0.36388 0.01220 0.00475 0.00821 0.06413 0.00687 0.02819 0.51176 1.00000 818.34200
0.02529 0.10709 0.07484 0.18056 0.47046 0.07382 0.04328 0.02465 1.00000 10.86300
0.00799 0.12596 0.09359 0.05008 0.19983 0.03471 0.21771 0.27013 1.00000 76.26400
0.02593 0.29859 0.09646 0.00603 0.20795 0.10795 0.01007 0.24702 1.00000 50.43500
0.36432 0.06870 0.01847 0.36684 0.00836 0.09460 0.07314 0.00557 1.00000 34.43400
0.00947 0.01122 0.05911 0.01468 0.01896 0.78731 0.05500 0.04427 1.00000 30.17300
0.00784 0.07822 0.05919 0.12046 0.22831 0.07293 0.38733 0.04571 1.00000 50.34300
0.00792 0.36032 0.01114 0.02577 0.01200 0.00850 0.54031 0.03403 1.00000 224.68400
0.30782 0.01255 0.06953 0.02137 0.21323 0.00976 0.35755 0.00818 1.00000 259.67800
0.05382 0.01294 0.31245 0.14042 0.02291 0.34353 0.09290 0.02103 1.00000 12.67400
0.00523 0.04540 0.11989 0.04451 0.50196 0.11201 0.08132 0.08967 1.00000 17.02900
0.00564 0.00568 0.45450 0.41653 0.01026 0.03140 0.06870 0.00729 1.00000 9.28800
0.07711 0.00455 0.02715 0.01926 0.02098 0.58875 0.01290 0.24930 1.00000 306.04600
0.12979 0.07758 0.21685 0.12147 0.01445 0.04338 0.36823 0.02824 1.00000 74.65900
0.22333 0.00994 0.01824 0.47589 0.19234 0.02425 0.03722 0.01880 1.00000 12.62200
0.09473 0.02170 0.03513 0.72752 0.04812 0.04602 0.01143 0.01534 1.00000 6.88900
0.03449 0.01631 0.27513 0.17478 0.17047 0.16842 0.01208 0.14834 1.00000 12.70700
0.07320 0.03231 0.03259 0.20908 0.02884 0.02632 0.58372 0.01394 1.00000 86.51000
0.15090 0.01109 0.00799 0.01012 0.03026 0.65890 0.08181 0.04892 1.00000 562.02600
0.24502 0.01315 0.38059 0.15001 0.04691 0.02787 0.06609 0.07038 1.00000 51.49800
0.00480 0.25050 0.24826 0.01166 0.28088 0.16488 0.00514 0.03388 1.00000 11.06300
0.06029 0.27767 0.26790 0.04868 0.26968 0.05852 0.00421 0.01306 1.00000 9.54000
0.08582 0.16096 0.17555 0.47482 0.00557 0.03191 0.01398 0.05140 1.00000 23.18900
0.02765 0.05643 0.08200 0.07424 0.30781 0.00392 0.29075 0.15720 1.00000 50.21500
0.01673 0.46223 0.14167 0.01390 0.04819 0.22930 0.07009 0.01788 1.00000 53.69200
0.09140 0.00754 0.03626 0.13327 0.21871 0.02621 0.12378 0.36283 1.00000 121.53300
0.01656 0.17093 0.22843 0.00952 0.02235 0.02908 0.44110 0.08203 1.00000 699.71000
0.09484 0.16421 0.04892 0.00365 0.07130 0.17989 0.12562 0.31156 1.00000 953.01900
0.04452 0.02105 0.07721 0.18680 0.22187 0.12951 0.28374 0.03531 1.00000 35.55600
0.04041 0.07314 0.02250 0.00737 0.43112 0.01267 0.02209 0.39070 1.00000 144.61000
0.40009 0.05475 0.31803 0.05908 0.03415 0.01118 0.02728 0.09544 1.00000 104.35500
0.03932 0.09244 0.02091 0.11304 0.29038 0.02284 0.15930 0.26178 1.00000 75.85600
0.01059 0.03158 0.01630 0.06332 0.07646 0.01160 0.78423 0.00593 1.00000 242.11900
0.00493 0.34420 0.10964 0.31179 0.08902 0.07403 0.04103 0.02535 1.00000 10.73600
0.35963 0.05767 0.00793 0.14135 0.07140 0.20011 0.12887 0.03303 1.00000 95.88100
0.49667 0.01153 0.33717 0.01044 0.06146 0.00822 0.06443 0.01009 1.00000 98.74900
0.05941 0.42035 0.01395 0.02737 0.07631 0.01933 0.03330 0.35000 1.00000 166.58800
0.00631 0.00565 0.01249 0.23684 0.08274 0.47287 0.02010 0.16300 1.00000 97.34900
0.46946 0.02413 0.02408 0.01800 0.25432 0.05603 0.14178 0.01221 1.00000 440.15300
0.06839 0.01846 0.00334 0.00727 0.08759 0.41552 0.07777 0.32166 1.00000 1754.65400
0.13455 0.22824 0.21444 0.38314 0.01768 0.00698 0.00724 0.00772 1.00000 32.99500
0.02276 0.03037 0.57553 0.04232 0.11136 0.01537 0.16954 0.03274 1.00000 18.90900
0.54689 0.05072 0.00621 0.01198 0.00807 0.02225 0.01057 0.34331 1.00000 302.82700
0.06563 0.01514 0.00628 0.46482 0.07186 0.01836 0.19952 0.15838 1.00000 37.91300
0.08797 0.30476 0.00840 0.14362 0.24411 0.14328 0.00937 0.05849 1.00000 19.25700
0.00775 0.03112 0.15109 0.33397 0.31614 0.14281 0.00849 0.00863 1.00000 6.20200
0.32575 0.06227 0.08609 0.09846 0.15811 0.21138 0.04905 0.00890 1.00000 53.09600
0.02037 0.15069 0.00754 0.05915 0.03078 0.24983 0.45885 0.02280 1.00000 262.08600
0.01172 0.00571 0.01075 0.22312 0.01625 0.00796 0.01980 0.70470 1.00000 77.51700
0.26673 0.24695 0.16018 0.00846 0.03947 0.13049 0.14339 0.00433 1.00000 326.09000
0.05557 0.09223 0.08143 0.00875 0.02886 0.49128 0.03348 0.20840 1.00000 228.66300
0.04534 0.12169 0.05724 0.44379 0.06499 0.02066 0.06449 0.18179 1.00000 19.43800
0.03021 0.42703 0.11347 0.17459 0.12314 0.11080 0.00752 0.01323 1.00000 11.85700
0.16150 0.36875 0.24631 0.08814 0.05491 0.00577 0.00379 0.07081 1.00000 36.88300
0.20128 0.00707 0.21595 0.26949 0.01773 0.00929 0.23854 0.04065 1.00000 40.01000
0.00618 0.07736 0.09000 0.32846 0.00628 0.06481 0.40633 0.02057 1.00000 27.74400
0.01454 0.43411 0.02662 0.03792 0.03468 0.11309 0.24420 0.09485 1.00000 259.38900
0.14502 0.41386 0.12213 0.03590 0.00759 0.22379 0.04264 0.00906 1.00000 174.93200
0.07326 0.05236 0.71192 0.00672 0.02014 0.08649 0.03186 0.01726 1.00000 22.80200
0.00441 0.32435 0.01642 0.31946 0.22985 0.07072 0.00727 0.02753 1.00000 8.30200
0.00260 0.00330 0.01126 0.02079 0.04566 0.28452 0.30670 0.32517 1.00000 153.54000
0.00687 0.04657 0.21168 0.14099 0.03613 0.12672 0.41686 0.01418 1.00000 26.56600
0.04921 0.04245 0.01381 0.59696 0.05007 0.00906 0.06795 0.17050 1.00000 14.56400
0.19049 0.01344 0.10863 0.06408 0.03129 0.14738 0.15539 0.28930 1.00000 155.20500
0.16774 0.02096 0.02726 0.00768 0.01801 0.71159 0.01051 0.03625 1.00000 549.63100
0.41934 0.13922 0.01140 0.25476 0.03737 0.06853 0.04356 0.02583 1.00000 52.41600
0.02217 0.16151 0.02441 0.00920 0.69174 0.02576 0.01480 0.05040 1.00000 14.55600
0.36765 0.35367 0.25238 0.00714 0.00295 0.00545 0.00319 0.00758 1.00000 293.89000
0.07960 0.07791 0.01883 0.00983 0.01014 0.03146 0.38163 0.39059 1.00000 359.42800
0.19466 0.58903 0.02601 0.12225 0.02260 0.01288 0.01799 0.01457 1.00000 78.84100
0.11071 0.01821 0.52405 0.04213 0.02218 0.18871 0.06616 0.02786 1.00000 21.05800
0.03831 0.02439 0.08622 0.25335 0.18061 0.20029 0.01220 0.20462 1.00000 24.75900
0.01034 0.04993 0.21128 0.02357 0.03030 0.28773 0.19541 0.19144 1.00000 60.92800
0.24358 0.20997 0.03347 0.04734 0.34096 0.00608 0.06512 0.05348 1.00000 29.36700
0.10863 0.00417 0.13494 0.14906 0.12799 0.20467 0.12671 0.14383 1.00000 33.79000
0.20181 0.03258 0.01224 0.06386 0.01857 0.19704 0.14069 0.33322 1.00000 141.17300
0.04772 0.49929 0.07885 0.03845 0.00746 0.01370 0.12520 0.18933 1.00000 438.34300
0.01239 0.01121 0.54713 0.00518 0.00972 0.00521 0.04049 0.36866 1.00000 349.07700
0.25977 0.06438 0.00481 0.01737 0.28015 0.21955 0.01498 0.13899 1.00000 581.79000
0.01738 0.45599 0.00473 0.33386 0.09446 0.03969 0.00890 0.04499 1.00000 10.96300
0.23862 0.03486 0.01682 0.30406 0.00519 0.22500 0.11741 0.05805 1.00000 40.74900
0.08348 0.14323 0.00892 0.00686 0.71443 0.01383 0.00930 0.01994 1.00000 16.16100
0.01361 0.41933 0.03429 0.07632 0.04225 0.00564 0.23388 0.17469 1.00000 136.16300
0.27014 0.03590 0.09946 0.00789 0.01773 0.07329 0.02481 0.47078 1.00000 805.89600
0.02086 0.00447 0.29732 0.07228 0.25304 0.14477 0.18139 0.02587 1.00000 11.97000
0.07880 0.21594 0.14065 0.00856 0.30647 0.19763 0.02565 0.02630 1.00000 17.63600
0.23532 0.01148 0.14893 0.04021 0.12036 0.27493 0.16113 0.00764 1.00000 68.01900
0.37247 0.22649 0.04948 0.14555 0.12993 0.01621 0.05153 0.00834 1.00000 34.41400
0.02034 0.26531 0.23237 0.02437 0.00546 0.05210 0.36567 0.03438 1.00000 559.70900
0.90000 0.01429 0.01429 0.01429 0.01429 0.01429 0.01429 0.01429 2.00000 3861.73400
0.01429 0.90000 0.01429 0.01429 0.01429 0.01429 0.01429 0.01429 2.00000 171.49900
0.01429 0.01429 0.90000 0.01429 0.01429 0.01429 0.01429 0.01429 2.00000 29.29700
0.01429 0.01429 0.01429 0.90000 0.01429 0.01429 0.01429 0.01429 2.00000 5.18800
0.01429 0.01429 0.01429 0.01429 0.90000 0.01429 0.01429 0.01429 2.00000 29.97200
0.01429 0.01429 0.01429 0.01429 0.01429 0.90000 0.01429 0.01429 2.00000 163.17200
0.01429 0.01429 0.01429 0.01429 0.01429 0.01429 0.90000 0.01429 2.00000 3820.32300
0.01429 0.01429 0.01429 0.01429 0.01429 0.01429 0.01429 0.90000 2.00000 3608.96500
0.23062 0.06113 0.01486 0.22261 0.17598 0.05159 0.00809 0.23511 2.00000 56.14400
0.58924 0.00938 0.04601 0.03536 0.02291 0.03217 0.00619 0.25873 2.00000 1816.65800
0.00883 0.02627 0.35781 0.01521 0.00806 0.09096 0.07078 0.42207 2.00000 767.52700
0.36388 0.01220 0.00475 0.00821 0.06413 0.00687 0.02819 0.51176 2.00000 8480.08300
0.02529 0.10709 0.07484 0.18056 0.47046 0.07382 0.04328 0.02465 2.00000 12.49700
0.00799 0.12596 0.09359 0.05008 0.19983 0.03471 0.21771 0.27013 2.00000 159.84700
0.02593 0.29859 0.09646 0.00603 0.20795 0.10795 0.01007 0.24702 2.00000 89.53400
0.36432 0.06870 0.01847 0.36684 0.00836 0.09460 0.07314 0.00557 2.00000 43.85900
0.00947 0.01122 0.05911 0.01468 0.01896 0.78731 0.05500 0.04427 2.00000 51.09600
0.00784 0.07822 0.05919 0.12046 0.22831 0.07293 0.38733 0.04571 2.00000 101.09100
0.00792 0.36032 0.01114 0.02577 0.01200 0.00850 0.54031 0.03403 2.00000 2052.02400
0.30782 0.01255 0.06953 0.02137 0.21323 0.00976 0.35755 0.00818 2.00000 864.63800
0.05382 0.01294 0.31245 0.14042 0.02291 0.34353 0.09290 0.02103 2.00000 15.24400
0.00523 0.04540 0.11989 0.04451 0.50196 0.11201 0.08132 0.08967 2.00000 23.35700
0.00564 0.00568 0.45450 0.41653 0.01026 0.03140 0.06870 0.00729 2.00000 10.27900
0.07711 0.00455 0.02715 0.01926 0.02098 0.58875 0.01290 0.24930 2.00000 1985.61800
0.12979 0.07758 0.21685 0.12147 0.01445 0.04338 0.36823 0.02824 2.00000 135.12900
0.22333 0.00994 0.01824 0.47589 0.19234 0.02425 0.03722 0.01880 2.00000 13.97100
0.09473 0.02170 0.03513 0.72752 0.04812 0.04602 0.01143 0.01534 2.00000 7.94900
0.03449 0.01631 0.27513 0.17478 0.17047 0.16842 0.01208 0.14834 2.00000 15.53700
0.07320 0.03231 0.03259 0.20908 0.02884 0.02632 0.58372 0.01394 2.00000 195.25500
0.15090 0.01109 0.00799 0.01012 0.03026 0.65890 0.08181 0.04892 2.00000 5929.86400
0.24502 0.01315 0.38059 0.15001 0.04691 0.02787 0.06609 0.07038 2.00000 103.40700
0.00480 0.25050 0.24826 0.01166 0.28088 0.16488 0.00514 0.03388 2.00000 13.52500
0.06029 0.27767 0.26790 0.04868 0.26968 0.05852 0.00421 0.01306 2.00000 11.50600
0.08582 0.16096 0.17555 0.47482 0.00557 0.03191 0.01398 0.05140 2.00000 32.65200
0.02765 0.05643 0.08200 0.07424 0.30781 0.00392 0.29075 0.15720 2.00000 112.81300
0.01673 0.46223 0.14167 0.01390 0.04819 0.22930 0.07009 0.01788 2.00000 73.33400
0.09140 0.00754 0.03626 0.13327 0.21871 0.02621 0.12378 0.36283 2.00000 349.08100
0.01656 0.17093 0.22843 0.00952 0.02235 0.02908 0.44110 0.08203 2.00000 3190.69400
0.09484 0.16421 0.04892 0.00365 0.07130 0.17989 0.12562 0.31156 2.00000 6265.74900
0.04452 0.02105 0.07721 0.18680 0.22187 0.12951 0.28374 0.03531 2.00000 68.68300
0.04041 0.07314 0.02250 0.00737 0.43112 0.01267 0.02209 0.39070 2.00000 474.88100
0.40009 0.05475 0.31803 0.05908 0.03415 0.01118 0.02728 0.09544 2.00000 506.45700
0.03932 0.09244 0.02091 0.11304 0.29038 0.02284 0.15930 0.26178 2.00000 148.56500
0.01059 0.03158 0.01630 0.06332 0.07646 0.01160 0.78423 0.00593 2.00000 1200.54900
0.00493 0.34420 0.10964 0.31179 0.08902 0.07403 0.04103 0.02535 2.00000 12.81200
0.35963 0.05767 0.00793 0.14135 0.07140 0.20011 0.12887 0.03303 2.00000 198.99300
0.49667 0.01153 0.33717 0.01044 0.06146 0.00822 0.06443 0.01009 2.00000 398.11800
0.05941 0.42035 0.01395 0.02737 0.07631 0.01933 0.03330 0.35000 2.00000 567.74900
0.00631 0.00565 0.01249 0.23684 0.08274 0.47287 0.02010 0.16300 2.00000 306.58600
0.46946 0.02413 0.02408 0.01800 0.25432 0.05603 0.14178 0.01221 2.00000 1535.60800
0.06839 0.01846 0.00334 0.00727 0.08759 0.41552 0.07777 0.32166 2.00000 100000.00000
0.13455 0.22824 0.21444 0.38314 0.01768 0.00698 0.00724 0.00772 2.00000 85.44600
0.02276 0.03037 0.57553 0.04232 0.11136 0.01537 0.16954 0.03274 2.00000 23.46000
0.54689 0.05072 0.00621 0.01198 0.00807 0.02225 0.01057 0.34331 2.00000 3113.06000
0.06563 0.01514 0.00628 0.46482 0.07186 0.01836 0.19952 0.15838 2.00000 68.82400
0.08797 0.30476 0.00840 0.14362 0.24411 0.14328 0.00937 0.05849 2.00000 22.52600
0.00775 0.03112 0.15109 0.33397 0.31614 0.14281 0.00849 0.00863 2.00000 7.20600
0.32575 0.06227 0.08609 0.09846 0.15811 0.21138 0.04905 0.00890 2.00000 74.93900
0.02037 0.15069 0.00754 0.05915 0.03078 0.24983 0.45885 0.02280 2.00000 946.37800
0.01172 0.00571 0.01075 0.22312 0.01625 0.00796 0.01980 0.70470 2.00000 195.13200
0.26673 0.24695 0.16018 0.00846 0.03947 0.13049 0.14339 0.00433 2.00000 1054.77100
0.05557 0.09223 0.08143 0.00875 0.02886 0.49128 0.03348 0.20840 2.00000 689.19100
0.04534 0.12169 0.05724 0.44379 0.06499 0.02066 0.06449 0.18179 2.00000 24.32200
0.03021 0.42703 0.11347 0.17459 0.12314 0.11080 0.00752 0.01323 2.00000 13.55400
0.16150 0.36875 0.24631 0.08814 0.05491 0.00577 0.00379 0.07081 2.00000 96.05800
0.20128 0.00707 0.21595 0.26949 0.01773 0.00929 0.23854 0.04065 2.00000 56.47000
0.00618 0.07736 0.09000 0.32846 0.00628 0.06481 0.40633 0.02057 2.00000 38.54500
0.01454 0.43411 0.02662 0.03792 0.03468 0.11309 0.24420 0.09485 2.00000 1046.26700
0.14502 0.41386 0.12213 0.03590 0.00759 0.22379 0.04264 0.00906 2.00000 267.88200
0.07326 0.05236 0.71192 0.00672 0.02014 0.08649 0.03186 0.01726 2.00000 29.49400
0.00441 0.32435 0.01642 0.31946 0.22985 0.07072 0.00727 0.02753 2.00000 9.68100
0.00260 0.00330 0.01126 0.02079 0.04566 0.28452 0.30670 0.32517 2.00000 1590.30200
0.00687 0.04657 0.21168 0.14099 0.03613 0.12672 0.41686 0.01418 2.00000 36.77500
0.04921 0.04245 0.01381 0.59696 0.05007 0.00906 0.06795 0.17050 2.00000 17.59200
0.19049 0.01344 0.10863 0.06408 0.03129 0.14738 0.15539 0.28930 2.00000 525.69100
0.16774 0.02096 0.02726 0.00768 0.01801 0.71159 0.01051 0.03625 2.00000 3919.50800
0.41934 0.13922 0.01140 0.25476 0.03737 0.06853 0.04356 0.02583 2.00000 92.27100
0.02217 0.16151 0.02441 0.00920 0.69174 0.02576 0.01480 0.05040 2.00000 17.10800
0.36765 0.35367 0.25238 0.00714 0.00295 0.00545 0.00319 0.00758 2.00000 3139.10500
0.07960 0.07791 0.01883 0.00983 0.01014 0.03146 0.38163 0.39059 2.00000 4294.46900
0.19466 0.58903 0.02601 0.12225 0.02260 0.01288 0.01799 0.01457 2.00000 267.03300
0.11071 0.01821 0.52405 0.04213 0.02218 0.18871 0.06616 0.02786 2.00000 25.04300
0.03831 0.02439 0.08622 0.25335 0.18061 0.20029 0.01220 0.20462 2.00000 34.28800
0.01034 0.04993 0.21128 0.02357 0.03030 0.28773 0.19541 0.19144 2.00000 102.08600
0.24358 0.20997 0.03347 0.04734 0.34096 0.00608 0.06512 0.05348 2.00000 38.09200
0.10863 0.00417 0.13494 0.14906 0.12799 0.20467 0.12671 0.14383 2.00000 54.01900
0.20181 0.03258 0.01224 0.06386 0.01857 0.19704 0.14069 0.33322 2.00000 841.88600
0.04772 0.49929 0.07885 0.03845 0.00746 0.01370 0.12520 0.18933 2.00000 2894.40100
0.01239 0.01121 0.54713 0.00518 0.00972 0.00521 0.04049 0.36866 2.00000 2865.02200
0.25977 0.06438 0.00481 0.01737 0.28015 0.21955 0.01498 0.13899 2.00000 1827.43500
0.01738 0.45599 0.00473 0.33386 0.09446 0.03969 0.00890 0.04499 2.00000 13.44100
0.23862 0.03486 0.01682 0.30406 0.00519 0.22500 0.11741 0.05805 2.00000 61.91900
0.08348 0.14323 0.00892 0.00686 0.71443 0.01383 0.00930 0.01994 2.00000 18.58600
0.01361 0.41933 0.03429 0.07632 0.04225 0.00564 0.23388 0.17469 2.00000 466.06400
0.27014 0.03590 0.09946 0.00789 0.01773 0.07329 0.02481 0.47078 2.00000 6905.84400
0.02086 0.00447 0.29732 0.07228 0.25304 0.14477 0.18139 0.02587 2.00000 15.26200
0.07880 0.21594 0.14065 0.00856 0.30647 0.19763 0.02565 0.02630 2.00000 21.36600
0.23532 0.01148 0.14893 0.04021 0.12036 0.27493 0.16113 0.00764 2.00000 118.47100
0.37247 0.22649 0.04948 0.14555 0.12993 0.01621 0.05153 0.00834 2.00000 65.17500
0.02034 0.26531 0.23237 0.02437 0.00546 0.05210 0.36567 0.03438 2.00000 2068.56700
0.90000 0.01429 0.01429 0.01429 0.01429 0.01429 0.01429 0.01429 3.00000 100000.00000
0.01429 0.90000 0.01429 0.01429 0.01429 0.01429 0.01429 0.01429 3.00000 257.57800
0.01429 0.01429 0.90000 0.01429 0.01429 0.01429 0.01429 0.01429 3.00000 33.68000
0.01429 0.01429 0.01429 0.90000 0.01429 0.01429 0.01429 0.01429 3.00000 5.33700
0.01429 0.01429 0.01429 0.01429 0.90000 0.01429 0.01429 0.01429 3.00000 35.50500
0.01429 0.01429 0.01429 0.01429 0.01429 0.90000 0.01429 0.01429 3.00000 232.24900
0.01429 0.01429 0.01429 0.01429 0.01429 0.01429 0.90000 0.01429 3.00000 100000.00000
0.01429 0.01429 0.01429 0.01429 0.01429 0.01429 0.01429 0.90000 3.00000 100000.00000
0.23062 0.06113 0.01486 0.22261 0.17598 0.05159 0.00809 0.23511 3.00000 64.88800
0.58924 0.00938 0.04601 0.03536 0.02291 0.03217 0.00619 0.25873 3.00000 6600.24700
0.00883 0.02627 0.35781 0.01521 0.00806 0.09096 0.07078 0.42207 3.00000 1379.00800
0.36388 0.01220 0.00475 0.00821 0.06413 0.00687 0.02819 0.51176 3.00000 100000.00000
0.02529 0.10709 0.07484 0.18056 0.47046 0.07382 0.04328 0.02465 3.00000 13.14600
0.00799 0.12596 0.09359 0.05008 0.19983 0.03471 0.21771 0.27013 3.00000 221.21100
0.02593 0.29859 0.09646 0.00603 0.20795 0.10795 0.01007 0.24702 3.00000 112.62900
0.36432 0.06870 0.01847 0.36684 0.00836 0.09460 0.07314 0.00557 3.00000 49.75700
0.00947 0.01122 0.05911 0.01468 0.01896 0.78731 0.05500 0.04427 3.00000 68.82800
0.00784 0.07822 0.05919 0.12046 0.22831 0.07293 0.38733 0.04571 3.00000 138.07200
0.00792 0.36032 0.01114 0.02577 0.01200 0.00850 0.54031 0.03403 3.00000 12605.29000
0.30782 0.01255 0.06953 0.02137 0.21323 0.00976 0.35755 0.00818 3.00000 1756.06100
0.05382 0.01294 0.31245 0.14042 0.02291 0.34353 0.09290 0.02103 3.00000 16.01700
0.00523 0.04540 0.11989 0.04451 0.50196 0.11201 0.08132 0.08967 3.00000 27.53300
0.00564 0.00568 0.45450 0.41653 0.01026 0.03140 0.06870 0.00729 3.00000 10.94600
0.07711 0.00455 0.02715 0.01926 0.02098 0.58875 0.01290 0.24930 3.00000 7815.16000
0.12979 0.07758 0.21685 0.12147 0.01445 0.04338 0.36823 0.02824 3.00000 162.76900
0.22333 0.00994 0.01824 0.47589 0.19234 0.02425 0.03722 0.01880 3.00000 14.37800
0.09473 0.02170 0.03513 0.72752 0.04812 0.04602 0.01143 0.01534 3.00000 8.26700
0.03449 0.01631 0.27513 0.17478 0.17047 0.16842 0.01208 0.14834 3.00000 16.41200
0.07320 0.03231 0.03259 0.20908 0.02884 0.02632 0.58372 0.01394 3.00000 289.61600
0.15090 0.01109 0.00799 0.01012 0.03026 0.65890 0.08181 0.04892 3.00000 100000.00000
0.24502 0.01315 0.38059 0.15001 0.04691 0.02787 0.06609 0.07038 3.00000 151.49800
0.00480 0.25050 0.24826 0.01166 0.28088 0.16488 0.00514 0.03388 3.00000 14.42200
0.06029 0.27767 0.26790 0.04868 0.26968 0.05852 0.00421 0.01306 3.00000 12.36600
0.08582 0.16096 0.17555 0.47482 0.00557 0.03191 0.01398 0.05140 3.00000 38.31300
0.02765 0.05643 0.08200 0.07424 0.30781 0.00392 0.29075 0.15720 3.00000 163.49100
0.01673 0.46223 0.14167 0.01390 0.04819 0.22930 0.07009 0.01788 3.00000 79.44800
0.09140 0.00754 0.03626 0.13327 0.21871 0.02621 0.12378 0.36283 3.00000 609.94000
0.01656 0.17093 0.22843 0.00952 0.02235 0.02908 0.44110 0.08203 3.00000 7905.58600
0.09484 0.16421 0.04892 0.00365 0.07130 0.17989 0.12562 0.31156 3.00000 100000.00000
0.04452 0.02105 0.07721 0.18680 0.22187 0.12951 0.28374 0.03531 3.00000 99.67900
0.04041 0.07314 0.02250 0.00737 0.43112 0.01267 0.02209 0.39070 3.00000 854.03500
0.40009 0.05475 0.31803 0.05908 0.03415 0.01118 0.02728 0.09544 3.00000 1492.38900
0.03932 0.09244 0.02091 0.11304 0.29038 0.02284 0.15930 0.26178 3.00000 190.98500
0.01059 0.03158 0.01630 0.06332 0.07646 0.01160 0.78423 0.00593 3.00000 3270.62900
0.00493 0.34420 0.10964 0.31179 0.08902 0.07403 0.04103 0.02535 3.00000 13.30000
0.35963 0.05767 0.00793 0.14135 0.07140 0.20011 0.12887 0.03303 3.00000 278.13600
0.49667 0.01153 0.33717 0.01044 0.06146 0.00822 0.06443 0.01009 3.00000 1065.62800
0.05941 0.42035 0.01395 0.02737 0.07631 0.01933 0.03330 0.35000 3.00000 1221.44100
0.00631 0.00565 0.01249 0.23684 0.08274 0.47287 0.02010 0.16300 3.00000 567.06100
0.46946 0.02413 0.02408 0.01800 0.25432 0.05603 0.14178 0.01221 3.00000 3310.36300
0.06839 0.01846 0.00334 0.00727 0.08759 0.41552 0.07777 0.32166 3.00000 100000.00000
0.13455 0.22824 0.21444 0.38314 0.01768 0.00698 0.00724 0.00772 3.00000 140.91800
0.02276 0.03037 0.57553 0.04232 0.11136 0.01537 0.16954 0.03274 3.00000 25.73700
0.54689 0.05072 0.00621 0.01198 0.00807 0.02225 0.01057 0.34331 3.00000 100000.00000
0.06563 0.01514 0.00628 0.46482 0.07186 0.01836 0.19952 0.15838 3.00000 82.04600
0.08797 0.30476 0.00840 0.14362 0.24411 0.14328 0.00937 0.05849 3.00000 23.78500
0.00775 0.03112 0.15109 0.33397 0.31614 0.14281 0.00849 0.00863 3.00000 7.70400
0.32575 0.06227 0.08609 0.09846 0.15811 0.21138 0.04905 0.00890 3.00000 85.52100
0.02037 0.15069 0.00754 0.05915 0.03078 0.24983 0.45885 0.02280 3.00000 1680.69500
0.01172 0.00571 0.01075 0.22312 0.01625 0.00796 0.01980 0.70470 3.00000 307.86600
0.26673 0.24695 0.16018 0.00846 0.03947 0.13049 0.14339 0.00433 3.00000 1959.06000
0.05557 0.09223 0.08143 0.00875 0.02886 0.49128 0.03348 0.20840 3.00000 1407.53500
0.04534 0.12169 0.05724 0.44379 0.06499 0.02066 0.06449 0.18179 3.00000 25.73900
0.03021 0.42703 0.11347 0.17459 0.12314 0.11080 0.00752 0.01323 3.00000 14.44500
0.16150 0.36875 0.24631 0.08814 0.05491 0.00577 0.00379 0.07081 3.00000 166.82100
0.20128 0.00707 0.21595 0.26949 0.01773 0.00929 0.23854 0.04065 3.00000 65.29200
0.00618 0.07736 0.09000 0.32846 0.00628 0.06481 0.40633 0.02057 3.00000 44.69900
0.01454 0.43411 0.02662 0.03792 0.03468 0.11309 0.24420 0.09485 3.00000 2480.83600
0.14502 0.41386 0.12213 0.03590 0.00759 0.22379 0.04264 0.00906 3.00000 320.20600
0.07326 0.05236 0.71192 0.00672 0.02014 0.08649 0.03186 0.01726 3.00000 33.01300
0.00441 0.32435 0.01642 0.31946 0.22985 0.07072 0.00727 0.02753 3.00000 10.23000
0.00260 0.00330 0.01126 0.02079 0.04566 0.28452 0.30670 0.32517 3.00000 100000.00000
0.00687 0.04657 0.21168 0.14099 0.03613 0.12672 0.41686 0.01418 3.00000 47.21700
0.04921 0.04245 0.01381 0.59696 0.05007 0.00906 0.06795 0.17050 3.00000 18.86800
0.19049 0.01344 0.10863 0.06408 0.03129 0.14738 0.15539 0.28930 3.00000 939.23600
0.16774 0.02096 0.02726 0.00768 0.01801 0.71159 0.01051 0.03625 3.00000 100000.00000
0.41934 0.13922 0.01140 0.25476 0.03737 0.06853 0.04356 0.02583 3.00000 120.66000
0.02217 0.16151 0.02441 0.00920 0.69174 0.02576 0.01480 0.05040 3.00000 18.48700
0.36765 0.35367 0.25238 0.00714 0.00295 0.00545 0.00319 0.00758 3.00000 100000.00000
0.07960 0.07791 0.01883 0.00983 0.01014 0.03146 0.38163 0.39059 3.00000 100000.00000
0.19466 0.58903 0.02601 0.12225 0.02260 0.01288 0.01799 0.01457 3.00000 534.54700
0.11071 0.01821 0.52405 0.04213 0.02218 0.18871 0.06616 0.02786 3.00000 26.90600
0.03831 0.02439 0.08622 0.25335 0.18061 0.20029 0.01220 0.20462 3.00000 39.86500
0.01034 0.04993 0.21128 0.02357 0.03030 0.28773 0.19541 0.19144 3.00000 135.38900
0.24358 0.20997 0.03347 0.04734 0.34096 0.00608 0.06512 0.05348 3.00000 42.44300
0.10863 0.00417 0.13494 0.14906 0.12799 0.20467 0.12671 0.14383 3.00000 64.26000
0.20181 0.03258 0.01224 0.06386 0.01857 0.19704 0.14069 0.33322 3.00000 2756.43500
0.04772 0.49929 0.07885 0.03845 0.00746 0.01370 0.12520 0.18933 3.00000 10527.49700
0.01239 0.01121 0.54713 0.00518 0.00972 0.00521 0.04049 0.36866 3.00000 100000.00000
0.25977 0.06438 0.00481 0.01737 0.28015 0.21955 0.01498 0.13899 3.00000 3803.90200
0.01738 0.45599 0.00473 0.33386 0.09446 0.03969 0.00890 0.04499 3.00000 14.75700
0.23862 0.03486 0.01682 0.30406 0.00519 0.22500 0.11741 0.05805 3.00000 67.86500
0.08348 0.14323 0.00892 0.00686 0.71443 0.01383 0.00930 0.01994 3.00000 19.32800
0.01361 0.41933 0.03429 0.07632 0.04225 0.00564 0.23388 0.17469 3.00000 969.40800
0.27014 0.03590 0.09946 0.00789 0.01773 0.07329 0.02481 0.47078 3.00000 100000.00000
0.02086 0.00447 0.29732 0.07228 0.25304 0.14477 0.18139 0.02587 3.00000 16.64100
0.07880 0.21594 0.14065 0.00856 0.30647 0.19763 0.02565 0.02630 3.00000 22.73900
0.23532 0.01148 0.14893 0.04021 0.12036 0.27493 0.16113 0.00764 3.00000 153.14500
0.37247 0.22649 0.04948 0.14555 0.12993 0.01621 0.05153 0.00834 3.00000 88.50600
0.02034 0.26531 0.23237 0.02437 0.00546 0.05210 0.36567 0.03438 3.00000 3819.14100

// Data set formed using 1,000 samples
// Max of 100,000 steps allowed per sample
